nbJobs = 5;
nbMchs = 5;

OpDurations = [
[64, 66, 31, 85, 44]
[7, 69, 68, 14, 18]  
[74, 70, 60,  1, 90]
[54, 45, 98, 76, 13]
[80, 45, 10, 15, 91]
];

setup = [
// Setups on machine 0
[	[0, 25, 18, 13, 20],
	[25, 0, 8, 13, 17],
	[18, 8,	0, 9, 17],
	[13, 13, 9,	0, 9],
	[20, 17, 17, 9,	0]
	],

// Setups on machine 1
[	[0, 30, 28, 11, 23],
	[30, 0,	9, 20, 20],
	[28, 9,	0, 20, 25],
	[11, 20, 20, 0, 15],
	[23, 20, 25, 15, 0]
	],

// Setups on machine 2
[	[0, 22, 16, 22, 14],
	[22, 0, 23,	6, 13],
	[16, 23, 0, 19, 24],
	[22, 6, 19,	0, 16],
	[14, 13, 24, 16, 0]
	],
	
// Setups on machine 3
[	[0, 16,	4, 20, 13],
	[16, 0, 13, 28, 24],
	[4, 13,	0, 22, 16],
	[20, 28, 22, 0,	8],
	[13, 24, 16, 8,	0]
	],
	
// Setups on machine 4
[	[0,	9, 14, 15, 12],
	[9,	0, 21, 10, 11],
	[14, 21, 0, 22, 17],
	[15, 10, 22, 0,	6],
	[12, 11, 17, 6,	0]
	]
];