// INSTANCIA 7X7-03
nbJobs = 7;
nbMchs = 7;

OpDurations = [
[76, 95, 93, 29, 82, 78, 5]
[84, 50, 80, 68, 44, 52, 62]
[71, 97, 17, 86, 50, 58, 67]
[46, 62, 72, 22, 94, 98, 57]
[40, 94, 79, 80, 15, 27, 87]
[46, 45, 47, 26, 44, 69, 74]
[19, 25, 69, 49, 83, 53, 92]
];

setup = [
//setup on machine: MAQ 1
[   [0, 22, 12, 15, 29, 23, 25],
[22, 0, 21, 18, 19, 4, 16],
[12, 21, 0, 4, 19, 24, 15],
[15, 18, 4, 0, 15, 21, 11],
[29, 19, 19, 15, 0, 23, 4],
[23, 4, 24, 21, 23, 0, 20],
[25, 16, 15, 11, 4, 20, 0]
   ],
//setup on machine: MAQ 2
[   [0, 14, 21, 4, 20, 13, 9],
[14, 0, 16, 13, 7, 23, 23],
[21, 16, 0, 17, 22, 20, 26],
[4, 13, 17, 0, 20, 11, 10],
[20, 7, 22, 20, 0, 30, 29],
[13, 23, 20, 11, 30, 0, 9],
[9, 23, 26, 10, 29, 9, 0]
   ],
//setup on machine: MAQ 3
[   [0, 7, 22, 19, 14, 13, 22],
[7, 0, 19, 13, 11, 18, 16],
[22, 19, 0, 18, 8, 25, 11],
[19, 13, 18, 0, 13, 30, 8],
[14, 11, 8, 13, 0, 20, 10],
[13, 18, 25, 30, 20, 0, 30],
[22, 16, 11, 8, 10, 30, 0]
   ],
//setup on machine: MAQ 4
[   [0, 23, 25, 9, 16, 14, 25],
[23, 0, 21, 14, 14, 23, 2],
[25, 21, 0, 22, 11, 13, 22],
[9, 14, 22, 0, 11, 15, 16],
[16, 14, 11, 11, 0, 9, 16],
[14, 23, 13, 15, 9, 0, 25],
[25, 2, 22, 16, 16, 25, 0]
   ],
//setup on machine: MAQ 5
[   [0, 9, 22, 3, 3, 22, 16],
[9, 0, 14, 9, 11, 17, 8],
[22, 14, 0, 20, 22, 9, 6],
[3, 9, 20, 0, 2, 20, 15],
[3, 11, 22, 2, 0, 21, 17],
[22, 17, 9, 20, 21, 0, 12],
[16, 8, 6, 15, 17, 12, 0]
   ],
//setup on machine: MAQ 6
[   [0, 15, 20, 19, 11, 9, 10],
[15, 0, 7, 20, 8, 13, 23],
[20, 7, 0, 18, 10, 15, 26],
[19, 20, 18, 0, 13, 10, 16],
[11, 8, 10, 13, 0, 5, 16],
[9, 13, 15, 10, 5, 0, 11],
[10, 23, 26, 16, 16, 11, 0]
   ],
//setup on machine: MAQ 7
[   [0, 26, 9, 24, 30, 25, 6],
[26, 0, 20, 20, 4, 9, 26],
[9, 20, 0, 25, 24, 17, 13],
[24, 20, 25, 0, 24, 27, 20],
[30, 4, 24, 24, 0, 10, 30],
[25, 9, 17, 27, 10, 0, 27],
[6, 26, 13, 20, 30, 27, 0]
   ]
];