// INSTANCIA 7X7-06
nbJobs = 7;
nbMchs = 7;

OpDurations = [
[87, 76, 95, 2, 55, 20, 88]
[32, 59, 78, 95, 57, 69, 40]
[75, 61, 1, 63, 87, 76, 25]
[94, 39, 61, 25, 89, 41, 66]
[6, 46, 8, 77, 24, 91, 59]
[46, 64, 80, 60, 60, 5, 97]
[75, 93, 36, 95, 76, 27, 49]
];

setup = [
//setup on machine: MAQ 1
[   [0, 12, 11, 7, 12, 15, 9],
[12, 0, 10, 17, 16, 16, 12],
[11, 10, 0, 18, 21, 23, 17],
[7, 17, 18, 0, 8, 12, 7],
[12, 16, 21, 8, 0, 4, 4],
[15, 16, 23, 12, 4, 0, 7],
[9, 12, 17, 7, 4, 7, 0]
   ],
//setup on machine: MAQ 2
[   [0, 20, 16, 17, 24, 18, 27],
[20, 0, 5, 17, 12, 20, 9],
[16, 5, 0, 17, 15, 20, 14],
[17, 17, 17, 0, 11, 3, 17],
[24, 12, 15, 11, 0, 14, 6],
[18, 20, 20, 3, 14, 0, 20],
[27, 9, 14, 17, 6, 20, 0]
   ],
//setup on machine: MAQ 3
[   [0, 24, 17, 14, 26, 22, 15],
[24, 0, 9, 10, 14, 4, 10],
[17, 9, 0, 3, 11, 6, 9],
[14, 10, 3, 0, 14, 8, 6],
[26, 14, 11, 14, 0, 10, 20],
[22, 4, 6, 8, 10, 0, 11],
[15, 10, 9, 6, 20, 11, 0]
   ],
//setup on machine: MAQ 4
[   [0, 15, 3, 16, 5, 22, 15],
[15, 0, 13, 8, 14, 16, 14],
[3, 13, 0, 13, 3, 19, 12],
[16, 8, 13, 0, 12, 9, 7],
[5, 14, 3, 12, 0, 17, 10],
[22, 16, 19, 9, 17, 0, 7],
[15, 14, 12, 7, 10, 7, 0]
   ],
//setup on machine: MAQ 5
[   [0, 17, 26, 19, 10, 12, 19],
[17, 0, 19, 9, 17, 5, 4],
[26, 19, 0, 28, 18, 18, 16],
[19, 9, 28, 0, 24, 12, 13],
[10, 17, 18, 24, 0, 12, 17],
[12, 5, 18, 12, 12, 0, 7],
[19, 4, 16, 13, 17, 7, 0]
   ],
//setup on machine: MAQ 6
[   [0, 9, 15, 16, 23, 25, 18],
[9, 0, 23, 21, 29, 27, 19],
[15, 23, 0, 14, 16, 25, 23],
[16, 21, 14, 0, 8, 11, 10],
[23, 29, 16, 8, 0, 12, 16],
[25, 27, 25, 11, 12, 0, 9],
[18, 19, 23, 10, 16, 9, 0]
   ],
//setup on machine: MAQ 7
[   [0, 21, 17, 15, 5, 11, 18],
[21, 0, 25, 12, 26, 12, 3],
[17, 25, 0, 26, 17, 23, 24],
[15, 12, 26, 0, 19, 4, 9],
[5, 26, 17, 19, 0, 16, 23],
[11, 12, 23, 4, 16, 0, 9],
[18, 3, 24, 9, 23, 9, 0]
   ]
];