nbJobs = 5;
nbMchs = 5;

OpDurations = [
[46, 66, 30, 29, 89]
[52, 64, 38, 82, 56]
[18, 70, 79, 29, 92]
[52, 69, 80, 59, 14]
[95, 22, 54, 4, 37]
];

setup = [

// INSTANCIA 05X05-8
//setup on machine: MAQ 1
[   [0, 10, 29, 23, 21],
[10, 0, 22, 14, 19],
[29, 22, 0, 10, 13],
[23, 14, 10, 0, 16],
[21, 19, 13, 16, 0]
   ],
//setup on machine: MAQ 2
[   [0, 8, 9, 25, 24],
[8, 0, 15, 22, 25],
[9, 15, 0, 24, 18],
[25, 22, 24, 0, 13],
[24, 25, 18, 13, 0]
   ],
//setup on machine: MAQ 3
[   [0, 6, 11, 14, 4],
[6, 0, 15, 14, 3],
[11, 15, 0, 8, 14],
[14, 14, 8, 0, 15],
[4, 3, 14, 15, 0]
   ],
//setup on machine: MAQ 4
[   [0, 8, 13, 4, 16],
[8, 0, 7, 8, 9],
[13, 7, 0, 11, 13],
[4, 8, 11, 0, 16],
[16, 9, 13, 16, 0]
   ],
//setup on machine: MAQ 5
[   [0, 29, 25, 10, 17],
[29, 0, 16, 30, 17],
[25, 16, 0, 20, 24],
[10, 30, 20, 0, 24],
[17, 17, 24, 24, 0]
   ]
];