// INSTANCIA 10X10-06
nbJobs = 10;
nbMchs = 10;

OpDurations = [
[27, 28, 37, 82, 9, 78, 10, 34, 59, 92]
[56, 50, 21, 22, 16, 45, 54, 69, 97, 9]
[98, 8, 16, 24, 1, 52, 53, 49, 26, 91]
[38, 31, 99, 59, 35, 11, 9, 31, 67, 91]
[22, 9, 94, 20, 37, 43, 90, 87, 17, 77]
[25, 73, 59, 26, 69, 75, 18, 15, 13, 84]
[17, 67, 5, 89, 75, 33, 41, 52, 64, 52]
[65, 20, 41, 82, 26, 67, 84, 37, 31, 31]
[95, 31, 46, 23, 94, 8, 67, 21, 19, 1]
[80, 51, 72, 13, 62, 90, 30, 44, 35, 10]
];

setup = [
//setup on machine: MAQ 1
[   [0, 12, 14, 16, 17, 20, 10, 20, 20, 15],
[12, 0, 10, 13, 5, 8, 6, 19, 8, 12],
[14, 10, 0, 3, 10, 13, 15, 9, 11, 2],
[16, 13, 3, 0, 13, 15, 18, 6, 13, 1],
[17, 5, 10, 13, 0, 3, 11, 19, 3, 12],
[20, 8, 13, 15, 3, 0, 14, 21, 2, 14],
[10, 6, 15, 18, 11, 14, 0, 24, 14, 17],
[20, 19, 9, 6, 19, 21, 24, 0, 19, 7],
[20, 8, 11, 13, 3, 2, 14, 19, 0, 13],
[15, 12, 2, 1, 12, 14, 17, 7, 13, 0]
   ],
//setup on machine: MAQ 2
[   [0, 18, 5, 26, 7, 17, 16, 14, 15, 24],
[18, 0, 21, 12, 13, 2, 6, 15, 13, 10],
[5, 21, 0, 30, 8, 19, 17, 19, 14, 28],
[26, 12, 30, 0, 23, 14, 18, 15, 25, 2],
[7, 13, 8, 23, 0, 11, 9, 15, 9, 21],
[17, 2, 19, 14, 11, 0, 4, 15, 11, 12],
[16, 6, 17, 18, 9, 4, 0, 17, 7, 16],
[14, 15, 19, 15, 15, 15, 17, 0, 22, 14],
[15, 13, 14, 25, 9, 11, 7, 22, 0, 23],
[24, 10, 28, 2, 21, 12, 16, 14, 23, 0]
   ],
//setup on machine: MAQ 3
[   [0, 21, 11, 20, 8, 13, 28, 13, 5, 17],
[21, 0, 14, 16, 21, 24, 8, 9, 23, 4],
[11, 14, 0, 22, 17, 22, 22, 6, 16, 12],
[20, 16, 22, 0, 15, 14, 19, 18, 18, 14],
[8, 21, 17, 15, 0, 5, 28, 16, 4, 17],
[13, 24, 22, 14, 5, 0, 30, 20, 8, 20],
[28, 8, 22, 19, 28, 30, 0, 17, 30, 11],
[13, 9, 6, 18, 16, 20, 17, 0, 17, 6],
[5, 23, 16, 18, 4, 8, 30, 17, 0, 19],
[17, 4, 12, 14, 17, 20, 11, 6, 19, 0]
   ],
//setup on machine: MAQ 4
[   [0, 24, 10, 15, 14, 9, 20, 28, 16, 28],
[24, 0, 16, 16, 15, 16, 7, 5, 14, 20],
[10, 16, 0, 15, 13, 9, 14, 21, 6, 27],
[15, 16, 15, 0, 2, 7, 9, 18, 19, 13],
[14, 15, 13, 2, 0, 5, 8, 17, 17, 15],
[9, 16, 9, 7, 5, 0, 11, 20, 14, 20],
[20, 7, 14, 9, 8, 11, 0, 9, 15, 15],
[28, 5, 21, 18, 17, 20, 9, 0, 19, 18],
[16, 14, 6, 19, 17, 14, 15, 19, 0, 29],
[28, 20, 27, 13, 15, 20, 15, 18, 29, 0]
   ],
//setup on machine: MAQ 5
[   [0, 18, 21, 12, 26, 14, 24, 11, 16, 19],
[18, 0, 3, 7, 21, 6, 10, 8, 5, 6],
[21, 3, 0, 10, 21, 9, 9, 11, 7, 6],
[12, 7, 10, 0, 23, 3, 15, 1, 5, 10],
[26, 21, 21, 23, 0, 25, 13, 24, 26, 16],
[14, 6, 9, 3, 25, 0, 16, 3, 2, 11],
[24, 10, 9, 15, 13, 16, 0, 16, 15, 5],
[11, 8, 11, 1, 24, 3, 16, 0, 5, 11],
[16, 5, 7, 5, 26, 2, 15, 5, 0, 10],
[19, 6, 6, 10, 16, 11, 5, 11, 10, 0]
   ],
//setup on machine: MAQ 6
[   [0, 18, 8, 22, 24, 12, 20, 6, 14, 23],
[18, 0, 18, 10, 27, 16, 5, 14, 5, 17],
[8, 18, 0, 17, 16, 5, 17, 5, 16, 17],
[22, 10, 17, 0, 20, 13, 5, 16, 14, 8],
[24, 27, 16, 20, 0, 13, 24, 20, 28, 13],
[12, 16, 5, 13, 13, 0, 14, 7, 15, 12],
[20, 5, 17, 5, 24, 14, 0, 15, 9, 13],
[6, 14, 5, 16, 20, 7, 15, 0, 11, 18],
[14, 5, 16, 14, 28, 15, 9, 11, 0, 20],
[23, 17, 17, 8, 13, 12, 13, 18, 20, 0]
   ],
//setup on machine: MAQ 7
[   [0, 19, 13, 17, 20, 18, 23, 15, 6, 15],
[19, 0, 14, 9, 10, 12, 19, 10, 16, 17],
[13, 14, 0, 6, 21, 6, 10, 4, 15, 4],
[17, 9, 6, 0, 18, 3, 10, 2, 17, 9],
[20, 10, 21, 18, 0, 21, 28, 18, 14, 24],
[18, 12, 6, 3, 21, 0, 7, 4, 19, 7],
[23, 19, 10, 10, 28, 7, 0, 11, 25, 9],
[15, 10, 4, 2, 18, 4, 11, 0, 15, 7],
[6, 16, 15, 17, 14, 19, 25, 15, 0, 18],
[15, 17, 4, 9, 24, 7, 9, 7, 18, 0]
   ],
//setup on machine: MAQ 8
[   [0, 10, 10, 9, 13, 14, 14, 15, 11, 9],
[10, 0, 15, 19, 23, 22, 4, 21, 15, 19],
[10, 15, 0, 11, 18, 8, 17, 24, 2, 9],
[9, 19, 11, 0, 7, 8, 23, 17, 13, 2],
[13, 23, 18, 7, 0, 15, 27, 12, 20, 9],
[14, 22, 8, 8, 15, 0, 24, 25, 9, 6],
[14, 4, 17, 23, 27, 24, 0, 25, 16, 22],
[15, 21, 24, 17, 12, 25, 25, 0, 26, 19],
[11, 15, 2, 13, 20, 9, 16, 26, 0, 11],
[9, 19, 9, 2, 9, 6, 22, 19, 11, 0]
   ],
//setup on machine: MAQ 9
[   [0, 1, 15, 12, 13, 24, 13, 13, 13, 21],
[1, 0, 15, 13, 12, 23, 14, 13, 12, 20],
[15, 15, 0, 11, 3, 10, 15, 8, 4, 19],
[12, 13, 11, 0, 11, 21, 4, 16, 7, 27],
[13, 12, 3, 11, 0, 11, 15, 6, 4, 17],
[24, 23, 10, 21, 11, 0, 25, 12, 14, 18],
[13, 14, 15, 4, 15, 25, 0, 20, 11, 30],
[13, 13, 8, 16, 6, 12, 20, 0, 10, 11],
[13, 12, 4, 7, 4, 14, 11, 10, 0, 21],
[21, 20, 19, 27, 17, 18, 30, 11, 21, 0]
   ],
//setup on machine: MAQ 10
[   [0, 28, 13, 18, 27, 11, 25, 25, 10, 24],
[28, 0, 15, 13, 3, 21, 21, 15, 20, 23],
[13, 15, 0, 11, 14, 11, 21, 18, 5, 22],
[18, 13, 11, 0, 15, 8, 11, 8, 15, 12],
[27, 3, 14, 15, 0, 21, 23, 17, 18, 25],
[11, 21, 11, 8, 21, 0, 14, 14, 13, 13],
[25, 21, 21, 11, 23, 14, 0, 6, 25, 3],
[25, 15, 18, 8, 17, 14, 6, 0, 22, 9],
[10, 20, 5, 15, 18, 13, 25, 22, 0, 25],
[24, 23, 22, 12, 25, 13, 3, 9, 25, 0]
   ]
];