// INSTANCIA 7X7-04
nbJobs = 7;
nbMchs = 7;

OpDurations = [
[50, 41, 69, 74, 86, 48, 95]
[43, 48, 21, 97, 47, 61, 50]
[77, 56, 62, 78, 50, 82, 18]
[36, 82, 65, 68, 9, 50, 87]
[98, 78, 77, 27, 48, 70, 46]
[4, 32, 6, 56, 37, 50, 86]
[77, 30, 37, 54, 73, 82, 75]
];

setup = [
//setup on machine: MAQ 1
[   [0, 10, 16, 19, 6, 5, 15],
[10, 0, 6, 17, 15, 9, 20],
[16, 6, 0, 19, 21, 14, 25],
[19, 17, 19, 0, 19, 14, 13],
[6, 15, 21, 19, 0, 7, 11],
[5, 9, 14, 14, 7, 0, 12],
[15, 20, 25, 13, 11, 12, 0]
   ],
//setup on machine: MAQ 2
[   [0, 25, 16, 15, 16, 24, 13],
[25, 0, 18, 18, 12, 16, 23],
[16, 18, 0, 23, 19, 9, 6],
[15, 18, 23, 0, 6, 27, 23],
[16, 12, 19, 6, 0, 22, 21],
[24, 16, 9, 27, 22, 0, 14],
[13, 23, 6, 23, 21, 14, 0]
   ],
//setup on machine: MAQ 3
[   [0, 9, 5, 16, 22, 19, 13],
[9, 0, 4, 23, 27, 13, 4],
[5, 4, 0, 20, 25, 16, 8],
[16, 23, 20, 0, 7, 26, 26],
[22, 27, 25, 7, 0, 26, 29],
[19, 13, 16, 26, 26, 0, 11],
[13, 4, 8, 26, 29, 11, 0]
   ],
//setup on machine: MAQ 4
[   [0, 2, 9, 6, 8, 9, 21],
[2, 0, 8, 7, 8, 7, 19],
[9, 8, 0, 15, 15, 6, 14],
[6, 7, 15, 0, 5, 14, 26],
[8, 8, 15, 5, 0, 12, 24],
[9, 7, 6, 14, 12, 0, 12],
[21, 19, 14, 26, 24, 12, 0]
   ],
//setup on machine: MAQ 5
[   [0, 3, 8, 8, 18, 7, 7],
[3, 0, 8, 7, 16, 4, 9],
[8, 8, 0, 15, 13, 11, 15],
[8, 7, 15, 0, 21, 7, 8],
[18, 16, 13, 21, 0, 14, 25],
[7, 4, 11, 7, 14, 0, 12],
[7, 9, 15, 8, 25, 12, 0]
   ],
//setup on machine: MAQ 6
[   [0, 7, 8, 14, 9, 8, 8],
[7, 0, 14, 14, 16, 15, 12],
[8, 14, 0, 22, 9, 4, 15],
[14, 14, 22, 0, 16, 20, 8],
[9, 16, 9, 16, 0, 5, 9],
[8, 15, 4, 20, 5, 0, 12],
[8, 12, 15, 8, 9, 12, 0]
   ],
//setup on machine: MAQ 7
[   [0, 21, 16, 8, 13, 9, 13],
[21, 0, 7, 15, 22, 19, 20],
[16, 7, 0, 13, 21, 18, 20],
[8, 15, 13, 0, 9, 5, 8],
[13, 22, 21, 9, 0, 4, 2],
[9, 19, 18, 5, 4, 0, 4],
[13, 20, 20, 8, 2, 4, 0]
   ]
];