// INSTANCIA 7X7-01
nbJobs = 7;
nbMchs = 7;

OpDurations = [
[71, 39, 89, 54, 56, 92, 34]
[91, 19, 13, 73, 46, 81, 27]
[66, 95, 96, 18, 14, 48, 24]
[78, 48, 19, 68, 63, 46, 94]
[52, 9, 91, 28, 75, 60, 7]
[11, 37, 30, 2, 98, 38, 33]
[52, 83, 88, 45, 37, 52, 77]
];

setup = [
//setup on machine: MAQ 1
[   [0, 16, 14, 9, 8, 14, 5],
[16, 0, 29, 7, 11, 23, 18],
[14, 29, 0, 23, 20, 17, 13],
[9, 7, 23, 0, 5, 17, 13],
[8, 11, 20, 5, 0, 12, 13],
[14, 23, 17, 17, 12, 0, 19],
[5, 18, 13, 13, 13, 19, 0]
   ],
//setup on machine: MAQ 2
[   [0, 13, 12, 13, 8, 15, 3],
[13, 0, 7, 25, 16, 17, 15],
[12, 7, 0, 21, 18, 22, 15],
[13, 25, 21, 0, 17, 25, 12],
[8, 16, 18, 17, 0, 8, 5],
[15, 17, 22, 25, 8, 0, 13],
[3, 15, 15, 12, 5, 13, 0]
   ],
//setup on machine: MAQ 3
[   [0, 8, 17, 17, 18, 20, 14],
[8, 0, 21, 21, 16, 15, 7],
[17, 21, 0, 1, 15, 21, 21],
[17, 21, 1, 0, 16, 21, 21],
[18, 16, 15, 16, 0, 6, 10],
[20, 15, 21, 21, 6, 0, 8],
[14, 7, 21, 21, 10, 8, 0]
   ],
//setup on machine: MAQ 4
[   [0, 12, 28, 18, 3, 6, 26],
[12, 0, 24, 13, 11, 17, 21],
[28, 24, 0, 11, 30, 26, 3],
[18, 13, 11, 0, 19, 17, 8],
[3, 11, 30, 19, 0, 9, 27],
[6, 17, 26, 17, 9, 0, 24],
[26, 21, 3, 8, 27, 24, 0]
   ],
//setup on machine: MAQ 5
[   [0, 9, 23, 5, 13, 10, 14],
[9, 0, 20, 14, 6, 6, 20],
[23, 20, 0, 23, 15, 14, 18],
[5, 14, 23, 0, 17, 14, 11],
[13, 6, 15, 17, 0, 4, 20],
[10, 6, 14, 14, 4, 0, 16],
[14, 20, 18, 11, 20, 16, 0]
   ],
//setup on machine: MAQ 6
[   [0, 8, 28, 1, 13, 10, 18],
[8, 0, 24, 9, 17, 13, 21],
[28, 24, 0, 29, 23, 21, 23],
[1, 9, 29, 0, 13, 11, 18],
[13, 17, 23, 13, 0, 4, 5],
[10, 13, 21, 11, 4, 0, 8],
[18, 21, 23, 18, 5, 8, 0]
   ],
//setup on machine: MAQ 7
[   [0, 3, 4, 16, 15, 18, 14],
[3, 0, 1, 13, 15, 17, 11],
[4, 1, 0, 12, 15, 17, 10],
[16, 13, 12, 0, 15, 12, 13],
[15, 15, 15, 15, 0, 6, 23],
[18, 17, 17, 12, 6, 0, 23],
[14, 11, 10, 13, 23, 23, 0]
   ]
];