nbJobs = 5;
nbMchs = 5;

OpDurations = [
[19, 38, 81, 83, 32]
[6, 22, 64, 90, 52]
[8, 83, 15, 1, 35]
[71, 87, 40, 21, 33]
[86, 15, 55, 55, 42]
];

setup = [

// INSTANCIA 05X05-2
//setup on machine: MAQ 1
[   [0, 14, 18, 14, 4],
[14, 0, 6, 19, 11],
[18, 6, 0, 18, 16],
[14, 19, 18, 0, 16],
[4, 11, 16, 16, 0]
   ],
//setup on machine: MAQ 2
[   [0, 13, 12, 17, 5],
[13, 0, 2, 19, 17],
[12, 2, 0, 20, 16],
[17, 19, 20, 0, 21],
[5, 17, 16, 21, 0]
   ],
//setup on machine: MAQ 3
[   [0, 23, 7, 24, 15],
[23, 0, 20, 18, 22],
[7, 20, 0, 27, 20],
[24, 18, 27, 0, 12],
[15, 22, 20, 12, 0]
   ],
//setup on machine: MAQ 4
[   [0, 13, 6, 9, 6],
[13, 0, 16, 13, 9],
[6, 16, 0, 4, 11],
[9, 13, 4, 0, 12],
[6, 9, 11, 12, 0]
   ],
//setup on machine: MAQ 5
[   [0, 19, 23, 16, 25],
[19, 0, 15, 23, 26],
[23, 15, 0, 16, 14],
[16, 23, 16, 0, 10],
[25, 26, 14, 10, 0]
   ]
];