// INSTANCIA FGSSP 15x15-04
nbJobs = 15;
nbMchs = 15;

OpDurations = [
[90, 13, 25,  9, 15, 39, 55, 84, 11,  71,  20,  57,  82,  36,  65]
[13, 47, 88, 61, 46, 31, 13, 77, 36,  35,  54,  45,   7,  85,  72]
[60, 53, 27, 12, 68, 89, 41,  2, 16,  54,  82,  87,  58,  96,  20]
[46, 37, 50, 97, 42, 47, 32, 69, 36,  61,  23,  63,  70,  18,  52]
[40, 23,  6, 79, 54, 38, 12, 22, 46,  41,   5,  34,  84,  29,  94]
[14, 72, 32, 96, 93,  4, 73, 90, 80,  33,  56,  14,  16,  16,  87]
[1, 75, 71, 51, 51, 43, 15, 43, 73,  17,  79,  36,  23,  62,  96]
[23, 20, 73, 64, 37, 38, 22, 50, 51,  48,  11,   2,  10,  14,  58]
[19, 17,  1, 40, 23, 79, 89, 69, 75,  58,  27,  93,  16,  97,  70]
[3, 45, 41, 34, 26, 52, 83, 28, 89,  82,  87,  79,  90,  75,  89]
[55, 99, 73, 56, 29, 35, 97, 24, 89,  77,  76,  95,  18,  37,  44]
[1, 31, 37, 68, 41, 67, 17, 67, 29,  53,   5,  67,  92,  11,  34]
[23, 53, 27, 92, 97, 77,  7, 32, 27,  66,  63,  15,  76,  24,  47]
[78, 94, 92, 90, 56, 90, 23, 63, 42,  42,  53,  15,  21,  88,  87]
[6, 81, 15, 32, 78, 22, 44, 71, 96,  33,  78,  79,  71,  23,   9]
];

setup = [
//setup on machine: MAQ 1
[   [0, 15, 21, 7, 18, 11, 5, 17, 19, 17, 5, 24, 22, 10, 27],
[15, 0, 19, 10, 21, 15, 11, 2, 4, 17, 12, 12, 15, 8, 15],
[21, 19, 0, 15, 7, 10, 22, 20, 21, 4, 16, 13, 7, 13, 15],
[7, 10, 15, 0, 14, 6, 7, 12, 14, 11, 2, 17, 15, 3, 20],
[18, 21, 7, 14, 0, 8, 21, 22, 24, 4, 14, 19, 13, 13, 21],
[11, 15, 10, 6, 8, 0, 13, 17, 18, 6, 6, 17, 13, 7, 20],
[5, 11, 22, 7, 21, 13, 0, 13, 15, 18, 7, 22, 22, 9, 25],
[17, 2, 20, 12, 22, 17, 13, 0, 2, 19, 14, 12, 15, 10, 14],
[19, 4, 21, 14, 24, 18, 15, 2, 0, 20, 16, 11, 15, 12, 13],
[17, 17, 4, 11, 4, 6, 18, 19, 20, 0, 12, 15, 9, 10, 17],
[5, 12, 16, 2, 14, 6, 7, 14, 16, 12, 0, 19, 17, 5, 22],
[24, 12, 13, 17, 19, 17, 22, 12, 11, 15, 19, 0, 6, 14, 3],
[22, 15, 7, 15, 13, 13, 22, 15, 15, 9, 17, 6, 0, 13, 8],
[10, 8, 13, 3, 13, 7, 9, 10, 12, 10, 5, 14, 13, 0, 17],
[27, 15, 15, 20, 21, 20, 25, 14, 13, 17, 22, 3, 8, 17, 0]
   ],
   
//setup on machine: MAQ 2
[   [0, 16, 20, 7, 18, 15, 4, 19, 7, 18, 11, 18, 13, 11, 10],
[16, 0, 20, 10, 12, 12, 13, 7, 18, 15, 12, 4, 5, 11, 18],
[20, 20, 0, 22, 9, 30, 16, 27, 14, 5, 27, 18, 23, 11, 11],
[7, 10, 22, 0, 17, 9, 8, 12, 13, 19, 5, 14, 6, 12, 15],
[18, 12, 9, 17, 0, 23, 14, 19, 15, 4, 22, 9, 16, 7, 13],
[15, 12, 30, 9, 23, 0, 16, 9, 21, 26, 4, 16, 8, 19, 23],
[4, 13, 16, 8, 14, 16, 0, 18, 5, 14, 13, 15, 12, 7, 7],
[19, 7, 27, 12, 19, 9, 18, 0, 23, 22, 11, 11, 6, 18, 24],
[7, 18, 14, 13, 15, 21, 5, 23, 0, 14, 17, 18, 17, 8, 3],
[18, 15, 5, 19, 4, 26, 14, 22, 14, 0, 23, 13, 18, 7, 11],
[11, 12, 27, 5, 22, 4, 13, 11, 17, 23, 0, 16, 7, 16, 20],
[18, 4, 18, 14, 9, 16, 15, 11, 18, 13, 16, 0, 9, 10, 18],
[13, 5, 23, 6, 16, 8, 12, 6, 17, 18, 7, 9, 0, 13, 18],
[11, 11, 11, 12, 7, 19, 7, 18, 8, 7, 16, 10, 13, 0, 8],
[10, 18, 11, 15, 13, 23, 7, 24, 3, 11, 20, 18, 18, 8, 0]
   ],
   
//setup on machine: MAQ 3
[   [0, 6, 30, 25, 26, 23, 4, 20, 21, 17, 19, 9, 16, 19, 19],
[6, 0, 26, 20, 22, 22, 2, 18, 16, 16, 13, 4, 16, 16, 16],
[30, 26, 0, 8, 4, 16, 27, 15, 12, 18, 17, 22, 20, 11, 13],
[25, 20, 8, 0, 4, 18, 21, 15, 4, 17, 9, 16, 19, 9, 11],
[26, 22, 4, 4, 0, 15, 23, 12, 8, 15, 13, 18, 17, 8, 9],
[23, 22, 16, 18, 15, 0, 22, 4, 18, 6, 22, 19, 8, 10, 8],
[4, 2, 27, 21, 23, 22, 0, 18, 17, 16, 15, 5, 15, 17, 17],
[20, 18, 15, 15, 12, 4, 18, 0, 14, 4, 18, 15, 6, 6, 4],
[21, 16, 12, 4, 8, 18, 17, 14, 0, 16, 5, 12, 18, 9, 11],
[17, 16, 18, 17, 15, 6, 16, 4, 16, 0, 19, 14, 2, 8, 6],
[19, 13, 17, 9, 13, 22, 15, 18, 5, 19, 0, 10, 20, 12, 14],
[9, 4, 22, 16, 18, 19, 5, 15, 12, 14, 10, 0, 14, 12, 13],
[16, 16, 20, 19, 17, 8, 15, 6, 18, 2, 20, 14, 0, 10, 8],
[19, 16, 11, 9, 8, 10, 17, 6, 9, 8, 12, 12, 10, 0, 2],
[19, 16, 13, 11, 9, 8, 17, 4, 11, 6, 14, 13, 8, 2, 0]
   ],
   
//setup on machine: MAQ 4
[   [0, 17, 10, 7, 13, 14, 2, 22, 20, 24, 4, 4, 11, 17, 9],
[17, 0, 8, 17, 9, 9, 15, 14, 21, 14, 21, 16, 6, 13, 15],
[10, 8, 0, 13, 10, 5, 8, 19, 22, 20, 13, 11, 5, 15, 13],
[7, 17, 13, 0, 9, 18, 7, 17, 13, 19, 9, 3, 11, 11, 3],
[13, 9, 10, 9, 0, 14, 11, 9, 12, 11, 16, 10, 5, 5, 7],
[14, 9, 5, 18, 14, 0, 13, 22, 26, 23, 17, 16, 9, 19, 18],
[2, 15, 8, 7, 11, 13, 0, 20, 19, 22, 6, 4, 9, 15, 8],
[22, 14, 19, 17, 9, 22, 20, 0, 10, 2, 25, 19, 14, 6, 14],
[20, 21, 22, 13, 12, 26, 19, 10, 0, 12, 22, 16, 17, 8, 11],
[24, 14, 20, 19, 11, 23, 22, 2, 12, 0, 27, 21, 15, 8, 16],
[4, 21, 13, 9, 16, 17, 6, 25, 22, 27, 0, 7, 15, 20, 12],
[4, 16, 11, 3, 10, 16, 4, 19, 16, 21, 7, 0, 10, 13, 5],
[11, 6, 5, 11, 5, 9, 9, 14, 17, 15, 15, 10, 0, 10, 10],
[17, 13, 15, 11, 5, 19, 15, 6, 8, 8, 20, 13, 10, 0, 8],
[9, 15, 13, 3, 7, 18, 8, 14, 11, 16, 12, 5, 10, 8, 0]
   ],
   
//setup on machine: MAQ 5
[   [0, 3, 10, 2, 8, 8, 10, 14, 17, 13, 15, 2, 8, 14, 15],
[3, 0, 12, 5, 11, 8, 12, 16, 20, 15, 18, 4, 10, 17, 18],
[10, 12, 0, 8, 6, 5, 16, 21, 8, 4, 8, 12, 2, 14, 19],
[2, 5, 8, 0, 6, 7, 9, 14, 16, 11, 13, 4, 6, 12, 14],
[8, 11, 6, 6, 0, 9, 10, 16, 11, 6, 7, 9, 5, 9, 13],
[8, 8, 5, 7, 9, 0, 16, 21, 12, 9, 13, 10, 4, 17, 21],
[10, 12, 16, 9, 10, 16, 0, 6, 21, 15, 16, 9, 14, 7, 6],
[14, 16, 21, 14, 16, 21, 6, 0, 27, 21, 21, 12, 20, 12, 7],
[17, 20, 8, 16, 11, 12, 21, 27, 0, 6, 7, 19, 10, 17, 23],
[13, 15, 4, 11, 6, 9, 15, 21, 6, 0, 4, 14, 6, 12, 17],
[15, 18, 8, 13, 7, 13, 16, 21, 7, 4, 0, 16, 9, 11, 17],
[2, 4, 12, 4, 9, 10, 9, 12, 19, 14, 16, 0, 10, 13, 14],
[8, 10, 2, 6, 5, 4, 14, 20, 10, 6, 9, 10, 0, 14, 18],
[14, 17, 14, 12, 9, 17, 7, 12, 17, 12, 11, 13, 14, 0, 6],
[15, 18, 19, 14, 13, 21, 6, 7, 23, 17, 17, 14, 18, 6, 0]
   ],
   
//setup on machine: MAQ 6
[   [0, 6, 15, 19, 24, 21, 10, 4, 22, 4, 19, 12, 19, 2, 8],
[6, 0, 11, 14, 23, 22, 14, 10, 18, 5, 14, 9, 23, 8, 2],
[15, 11, 0, 4, 14, 17, 16, 16, 7, 12, 4, 4, 21, 16, 9],
[19, 14, 4, 0, 15, 19, 19, 20, 6, 16, 1, 8, 25, 19, 12],
[24, 23, 14, 15, 0, 9, 18, 23, 9, 21, 16, 15, 17, 23, 22],
[21, 22, 17, 19, 9, 0, 12, 17, 15, 18, 20, 15, 8, 19, 21],
[10, 14, 16, 19, 18, 12, 0, 6, 19, 9, 20, 12, 9, 8, 14],
[4, 10, 16, 20, 23, 17, 6, 0, 22, 5, 20, 12, 15, 2, 11],
[22, 18, 7, 6, 9, 15, 19, 22, 0, 18, 7, 10, 22, 21, 16],
[4, 5, 12, 16, 21, 18, 9, 5, 18, 0, 15, 8, 18, 4, 6],
[19, 14, 4, 1, 16, 20, 20, 20, 7, 15, 0, 8, 25, 19, 12],
[12, 9, 4, 8, 15, 15, 12, 12, 10, 8, 8, 0, 18, 12, 7],
[19, 23, 21, 25, 17, 8, 9, 15, 22, 18, 25, 18, 0, 17, 23],
[2, 8, 16, 19, 23, 19, 8, 2, 21, 4, 19, 12, 17, 0, 9],
[8, 2, 9, 12, 22, 21, 14, 11, 16, 6, 12, 7, 23, 9, 0]
   ],
   
//setup on machine: MAQ 7
[   [0, 8, 3, 18, 10, 19, 7, 17, 16, 6, 12, 11, 7, 18, 8],
[8, 0, 7, 25, 6, 27, 13, 22, 17, 13, 19, 8, 1, 21, 15],
[3, 7, 0, 21, 11, 22, 6, 20, 18, 9, 14, 12, 6, 21, 8],
[18, 25, 21, 0, 26, 3, 19, 12, 21, 13, 7, 24, 25, 18, 16],
[10, 6, 11, 26, 0, 28, 17, 19, 12, 13, 21, 3, 7, 17, 18],
[19, 27, 22, 3, 28, 0, 19, 15, 23, 15, 8, 26, 26, 21, 16],
[7, 13, 6, 19, 17, 19, 0, 22, 23, 11, 12, 18, 12, 25, 3],
[17, 22, 20, 12, 19, 15, 22, 0, 10, 11, 13, 17, 22, 6, 21],
[16, 17, 18, 21, 12, 23, 23, 10, 0, 12, 19, 9, 17, 5, 22],
[6, 13, 9, 13, 13, 15, 11, 11, 12, 0, 8, 12, 12, 14, 10],
[12, 19, 14, 7, 21, 8, 12, 13, 19, 8, 0, 20, 19, 18, 9],
[11, 8, 12, 24, 3, 26, 18, 17, 9, 12, 20, 0, 9, 14, 19],
[7, 1, 6, 25, 7, 26, 12, 22, 17, 12, 19, 9, 0, 22, 14],
[18, 21, 21, 18, 17, 21, 25, 6, 5, 14, 18, 14, 22, 0, 24],
[8, 15, 8, 16, 18, 16, 3, 21, 22, 10, 9, 19, 14, 24, 0]
   ],
   
//setup on machine: MAQ 8
[   [0, 18, 14, 6, 14, 10, 17, 9, 20, 11, 21, 6, 10, 12, 11],
[18, 0, 4, 13, 9, 14, 21, 10, 13, 18, 6, 12, 13, 18, 11],
[14, 4, 0, 9, 7, 11, 18, 6, 12, 14, 9, 8, 10, 15, 8],
[6, 13, 9, 0, 12, 11, 13, 7, 14, 7, 17, 4, 10, 8, 11],
[14, 9, 7, 12, 0, 6, 24, 5, 19, 19, 8, 9, 5, 20, 3],
[10, 14, 11, 11, 6, 0, 24, 5, 22, 18, 13, 8, 1, 19, 3],
[17, 21, 18, 13, 24, 24, 0, 20, 12, 6, 27, 17, 23, 5, 23],
[9, 10, 6, 7, 5, 5, 20, 0, 17, 14, 12, 4, 4, 15, 4],
[20, 13, 12, 14, 19, 22, 12, 17, 0, 13, 19, 16, 21, 12, 20],
[11, 18, 14, 7, 19, 18, 6, 14, 13, 0, 23, 11, 17, 1, 18],
[21, 6, 9, 17, 8, 13, 27, 12, 19, 23, 0, 15, 13, 24, 11],
[6, 12, 8, 4, 9, 8, 17, 4, 16, 11, 15, 0, 7, 12, 7],
[10, 13, 10, 10, 5, 1, 23, 4, 21, 17, 13, 7, 0, 18, 2],
[12, 18, 15, 8, 20, 19, 5, 15, 12, 1, 24, 12, 18, 0, 19],
[11, 11, 8, 11, 3, 3, 23, 4, 20, 18, 11, 7, 2, 19, 0]
   ],
   
//setup on machine: MAQ 9
[   [0, 9, 6, 18, 13, 9, 8, 5, 16, 12, 18, 2, 14, 8, 10],
[9, 0, 13, 15, 14, 17, 12, 13, 7, 12, 14, 11, 8, 13, 10],
[6, 13, 0, 24, 19, 13, 3, 11, 20, 8, 24, 5, 19, 14, 16],
[18, 15, 24, 0, 8, 19, 25, 16, 13, 27, 2, 20, 8, 13, 8],
[13, 14, 19, 8, 0, 11, 20, 9, 16, 23, 9, 14, 10, 5, 4],
[9, 17, 13, 19, 11, 0, 15, 4, 22, 20, 20, 8, 18, 7, 12],
[8, 12, 3, 25, 20, 15, 0, 13, 19, 5, 25, 7, 19, 16, 17],
[5, 13, 11, 16, 9, 4, 13, 0, 18, 17, 17, 6, 14, 4, 9],
[16, 7, 20, 13, 16, 22, 19, 18, 0, 18, 12, 18, 6, 17, 12],
[12, 12, 8, 27, 23, 20, 5, 17, 18, 0, 26, 12, 20, 20, 20],
[18, 14, 24, 2, 9, 20, 25, 17, 12, 26, 0, 20, 6, 13, 8],
[2, 11, 5, 20, 14, 8, 7, 6, 18, 12, 20, 0, 16, 9, 12],
[14, 8, 19, 8, 10, 18, 19, 14, 6, 20, 6, 16, 0, 12, 7],
[8, 13, 14, 13, 5, 7, 16, 4, 17, 20, 13, 9, 12, 0, 6],
[10, 10, 16, 8, 4, 12, 17, 9, 12, 20, 8, 12, 7, 6, 0]
   ],
   
//setup on machine: MAQ 10
[   [0, 4, 11, 9, 3, 17, 13, 19, 15, 12, 9, 15, 8, 14, 1],
[4, 0, 15, 12, 3, 15, 17, 21, 18, 12, 6, 16, 4, 13, 3],
[11, 15, 0, 5, 13, 26, 7, 18, 10, 18, 19, 17, 18, 21, 12],
[9, 12, 5, 0, 11, 21, 5, 14, 7, 13, 15, 12, 15, 16, 9],
[3, 3, 13, 11, 0, 17, 16, 21, 18, 14, 9, 17, 7, 15, 2],
[17, 15, 26, 21, 17, 0, 24, 19, 23, 10, 9, 15, 11, 7, 16],
[13, 17, 7, 5, 16, 24, 0, 12, 3, 14, 19, 11, 19, 17, 14],
[19, 21, 18, 14, 21, 19, 12, 0, 9, 10, 19, 5, 21, 13, 19],
[15, 18, 10, 7, 18, 23, 3, 9, 0, 13, 19, 9, 20, 16, 16],
[12, 12, 18, 13, 14, 10, 14, 10, 13, 0, 9, 5, 11, 3, 12],
[9, 6, 19, 15, 9, 9, 19, 19, 19, 9, 0, 14, 2, 9, 8],
[15, 16, 17, 12, 17, 15, 11, 5, 9, 5, 14, 0, 16, 8, 15],
[8, 4, 18, 15, 7, 11, 19, 21, 20, 11, 2, 16, 0, 10, 7],
[14, 13, 21, 16, 15, 7, 17, 13, 16, 3, 9, 8, 10, 0, 13],
[1, 3, 12, 9, 2, 16, 14, 19, 16, 12, 8, 15, 7, 13, 0]
   ],
   
//setup on machine: MAQ 11
[   [0, 5, 18, 23, 20, 13, 20, 19, 9, 13, 19, 9, 6, 8, 20],
[5, 0, 18, 22, 17, 9, 18, 16, 14, 9, 14, 12, 4, 3, 19],
[18, 18, 0, 5, 9, 22, 3, 9, 19, 15, 18, 12, 14, 18, 2],
[23, 22, 5, 0, 9, 25, 4, 9, 24, 18, 19, 17, 18, 21, 3],
[20, 17, 9, 9, 0, 17, 7, 1, 25, 10, 10, 18, 14, 16, 9],
[13, 9, 22, 25, 17, 0, 21, 16, 22, 7, 9, 20, 10, 6, 23],
[20, 18, 3, 4, 7, 21, 0, 7, 21, 14, 16, 14, 15, 18, 2],
[19, 16, 9, 9, 1, 16, 7, 0, 24, 9, 10, 17, 13, 15, 9],
[9, 14, 19, 24, 25, 22, 21, 24, 0, 21, 26, 7, 14, 17, 21],
[13, 9, 15, 18, 10, 7, 14, 9, 21, 0, 6, 16, 7, 6, 16],
[19, 14, 18, 19, 10, 9, 16, 10, 26, 6, 0, 21, 13, 11, 18],
[9, 12, 12, 17, 18, 20, 14, 17, 7, 16, 21, 0, 10, 14, 14],
[6, 4, 14, 18, 14, 10, 15, 13, 14, 7, 13, 10, 0, 4, 16],
[8, 3, 18, 21, 16, 6, 18, 15, 17, 6, 11, 14, 4, 0, 19],
[20, 19, 2, 3, 9, 23, 2, 9, 21, 16, 18, 14, 16, 19, 0]
   ],
   
//setup on machine: MAQ 12
[   [0, 15, 24, 16, 22, 17, 15, 16, 9, 13, 19, 21, 22, 21, 23],
[15, 0, 11, 1, 8, 4, 14, 9, 8, 15, 15, 6, 7, 6, 17],
[24, 11, 0, 11, 3, 13, 16, 10, 19, 18, 14, 8, 8, 10, 13],
[16, 1, 11, 0, 8, 3, 15, 10, 8, 16, 16, 6, 6, 5, 18],
[22, 8, 3, 8, 0, 10, 15, 9, 16, 17, 14, 5, 6, 7, 14],
[17, 4, 13, 3, 10, 0, 18, 13, 9, 19, 19, 6, 6, 4, 21],
[15, 14, 16, 15, 15, 18, 0, 6, 16, 2, 4, 18, 19, 19, 8],
[16, 9, 10, 10, 9, 13, 6, 0, 14, 8, 6, 12, 13, 13, 8],
[9, 8, 19, 8, 16, 9, 16, 14, 0, 16, 19, 14, 14, 13, 22],
[13, 15, 18, 16, 17, 19, 2, 8, 16, 0, 6, 20, 21, 20, 10],
[19, 15, 14, 16, 14, 19, 4, 6, 19, 6, 0, 18, 19, 19, 4],
[21, 6, 8, 6, 5, 6, 18, 12, 14, 20, 18, 0, 1, 2, 19],
[22, 7, 8, 6, 6, 6, 19, 13, 14, 21, 19, 1, 0, 2, 20],
[21, 6, 10, 5, 7, 4, 19, 13, 13, 20, 19, 2, 2, 0, 20],
[23, 17, 13, 18, 14, 21, 8, 8, 22, 10, 4, 19, 20, 20, 0]
   ],
   
//setup on machine: MAQ 13
[   [0, 16, 5, 2, 14, 8, 9, 7, 4, 6, 14, 10, 10, 15, 10],
[16, 0, 20, 17, 18, 23, 24, 18, 12, 16, 21, 14, 25, 23, 22],
[5, 20, 0, 3, 19, 3, 4, 11, 9, 5, 12, 10, 6, 18, 12],
[2, 17, 3, 0, 16, 6, 7, 8, 6, 5, 13, 10, 8, 16, 11],
[14, 18, 19, 16, 0, 21, 22, 8, 12, 20, 28, 23, 21, 6, 10],
[8, 23, 3, 6, 21, 0, 1, 13, 12, 8, 12, 13, 3, 20, 13],
[9, 24, 4, 7, 22, 1, 0, 14, 13, 8, 12, 13, 3, 21, 14],
[7, 18, 11, 8, 8, 13, 14, 0, 7, 13, 21, 17, 13, 8, 4],
[4, 12, 9, 6, 12, 12, 13, 7, 0, 8, 16, 11, 14, 15, 11],
[6, 16, 5, 5, 20, 8, 8, 13, 8, 0, 8, 5, 11, 21, 16],
[14, 21, 12, 13, 28, 12, 12, 21, 16, 8, 0, 7, 15, 29, 24],
[10, 14, 10, 10, 23, 13, 13, 17, 11, 5, 7, 0, 16, 25, 20],
[10, 25, 6, 8, 21, 3, 3, 13, 14, 11, 15, 16, 0, 19, 13],
[15, 23, 18, 16, 6, 20, 21, 8, 15, 21, 29, 25, 19, 0, 7],
[10, 22, 12, 11, 10, 13, 14, 4, 11, 16, 24, 20, 13, 7, 0]
   ],
   
//setup on machine: MAQ 14
[   [0, 20, 12, 11, 23, 12, 8, 11, 17, 21, 4, 11, 21, 10, 9],
[20, 0, 15, 9, 3, 13, 14, 17, 4, 6, 16, 14, 8, 10, 18],
[12, 15, 0, 12, 18, 17, 14, 2, 11, 20, 12, 16, 12, 8, 18],
[11, 9, 12, 0, 12, 6, 5, 13, 8, 10, 7, 6, 14, 4, 10],
[23, 3, 18, 12, 0, 16, 17, 20, 7, 6, 19, 16, 9, 13, 21],
[12, 13, 17, 6, 16, 0, 4, 18, 13, 11, 8, 1, 19, 9, 6],
[8, 14, 14, 5, 17, 4, 0, 14, 13, 14, 4, 3, 18, 7, 5],
[11, 17, 2, 13, 20, 18, 14, 0, 13, 21, 12, 17, 14, 9, 18],
[17, 4, 11, 8, 7, 13, 13, 13, 0, 10, 14, 14, 6, 7, 18],
[21, 6, 20, 10, 6, 11, 14, 21, 10, 0, 17, 12, 14, 13, 17],
[4, 16, 12, 7, 19, 8, 4, 12, 14, 17, 0, 7, 19, 7, 6],
[11, 14, 16, 6, 16, 1, 3, 17, 14, 12, 7, 0, 19, 9, 5],
[21, 8, 12, 14, 9, 19, 18, 14, 6, 14, 19, 19, 0, 12, 23],
[10, 10, 8, 4, 13, 9, 7, 9, 7, 13, 7, 9, 12, 0, 12],
[9, 18, 18, 10, 21, 6, 5, 18, 18, 17, 6, 5, 23, 12, 0]
   ],
   
//setup on machine: MAQ 15
[   [0, 18, 20, 17, 24, 14, 6, 10, 25, 11, 10, 21, 6, 7, 11],
[18, 0, 5, 6, 14, 13, 15, 21, 15, 13, 18, 4, 16, 17, 15],
[20, 5, 0, 11, 9, 11, 19, 20, 10, 12, 17, 2, 19, 17, 14],
[17, 6, 11, 0, 20, 17, 13, 23, 21, 16, 21, 9, 13, 19, 18],
[24, 14, 9, 20, 0, 10, 24, 20, 1, 13, 17, 11, 25, 18, 14],
[14, 13, 11, 17, 10, 0, 16, 10, 11, 3, 7, 13, 17, 8, 4],
[6, 15, 19, 13, 24, 16, 0, 15, 25, 13, 14, 18, 1, 11, 14],
[10, 21, 20, 23, 20, 10, 15, 0, 20, 8, 3, 22, 16, 4, 6],
[25, 15, 10, 21, 1, 11, 25, 20, 0, 14, 17, 12, 26, 19, 15],
[11, 13, 12, 16, 13, 3, 13, 8, 14, 0, 5, 14, 14, 5, 2],
[10, 18, 17, 21, 17, 7, 14, 3, 17, 5, 0, 19, 15, 3, 3],
[21, 4, 2, 9, 11, 13, 18, 22, 12, 14, 19, 0, 19, 18, 16],
[6, 16, 19, 13, 25, 17, 1, 16, 26, 14, 15, 19, 0, 12, 15],
[7, 17, 17, 19, 18, 8, 11, 4, 19, 5, 3, 18, 12, 0, 4],
[11, 15, 14, 18, 14, 4, 14, 6, 15, 2, 3, 16, 15, 4, 0]
   ]
];