// INSTANCIA 7X7-07
nbJobs = 7;
nbMchs = 7;

OpDurations = [
[5, 9, 94, 98, 76, 66, 25]
[46, 30, 69, 58, 59, 25, 56]
[6, 81, 82, 60, 64, 84, 15]
[97, 93, 61, 66, 10, 28, 28]
[10, 99, 59, 56, 19, 72, 78]
[69, 63, 10, 32, 71, 80, 76]
[95, 34, 47, 48, 87, 46, 31]
];

setup = [
//setup on machine: MAQ 1
[   [0, 24, 22, 24, 15, 6, 7],
[24, 0, 15, 7, 11, 19, 26],
[22, 15, 0, 22, 9, 16, 20],
[24, 7, 22, 0, 15, 20, 28],
[15, 11, 9, 15, 0, 9, 16],
[6, 19, 16, 20, 9, 0, 8],
[7, 26, 20, 28, 16, 8, 0]
   ],
//setup on machine: MAQ 2
[   [0, 25, 12, 14, 25, 24, 17],
[25, 0, 15, 17, 10, 6, 8],
[12, 15, 0, 13, 18, 12, 8],
[14, 17, 13, 0, 12, 19, 9],
[25, 10, 18, 12, 0, 16, 10],
[24, 6, 12, 19, 16, 0, 10],
[17, 8, 8, 9, 10, 10, 0]
   ],
//setup on machine: MAQ 3
[   [0, 5, 11, 19, 8, 12, 12],
[5, 0, 13, 18, 3, 10, 13],
[11, 13, 0, 10, 14, 8, 4],
[19, 18, 10, 0, 18, 9, 7],
[8, 3, 14, 18, 0, 10, 13],
[12, 10, 8, 9, 10, 0, 5],
[12, 13, 4, 7, 13, 5, 0]
   ],
//setup on machine: MAQ 4
[   [0, 5, 5, 13, 18, 15, 5],
[5, 0, 10, 12, 14, 16, 4],
[5, 10, 0, 14, 23, 18, 8],
[13, 12, 14, 0, 24, 28, 9],
[18, 14, 23, 24, 0, 16, 17],
[15, 16, 18, 28, 16, 0, 19],
[5, 4, 8, 9, 17, 19, 0]
   ],
//setup on machine: MAQ 5
[   [0, 9, 17, 1, 6, 10, 8],
[9, 0, 19, 8, 3, 18, 13],
[17, 19, 0, 18, 19, 15, 25],
[1, 8, 18, 0, 5, 11, 7],
[6, 3, 19, 5, 0, 16, 10],
[10, 18, 15, 11, 16, 0, 14],
[8, 13, 25, 7, 10, 14, 0]
   ],
//setup on machine: MAQ 6
[   [0, 7, 11, 28, 21, 20, 14],
[7, 0, 14, 22, 19, 14, 9],
[11, 14, 0, 25, 12, 19, 14],
[28, 22, 25, 0, 17, 8, 14],
[21, 19, 12, 17, 0, 14, 13],
[20, 14, 19, 8, 14, 0, 6],
[14, 9, 14, 14, 13, 6, 0]
   ],
//setup on machine: MAQ 7
[   [0, 12, 9, 14, 14, 15, 13],
[12, 0, 15, 14, 26, 26, 4],
[9, 15, 0, 6, 15, 20, 14],
[14, 14, 6, 0, 21, 26, 11],
[14, 26, 15, 21, 0, 9, 26],
[15, 26, 20, 26, 9, 0, 28],
[13, 4, 14, 11, 26, 28, 0]
   ]
];