// INSTANCIA 7X7-08
nbJobs = 7;
nbMchs = 7;

OpDurations = [
[97, 20, 19, 36, 83, 92, 14]
[54, 42, 37, 61, 48, 80, 55]
[5, 50, 11, 52, 57, 1, 97]
[38, 96, 68, 33, 79, 83, 27]
[52, 61, 72, 17, 58, 81, 54]
[98, 17, 18, 6, 2, 21, 93]
[23, 58, 62, 84, 81, 26, 80]
];

setup = [
//setup on machine: MAQ 1
[   [0, 27, 20, 21, 4, 25, 25],
[27, 0, 16, 6, 23, 17, 24],
[20, 16, 0, 11, 18, 5, 9],
[21, 6, 11, 0, 17, 14, 20],
[4, 23, 18, 17, 0, 23, 24],
[25, 17, 5, 14, 23, 0, 7],
[25, 24, 9, 20, 24, 7, 0]
   ],
//setup on machine: MAQ 2
[   [0, 15, 20, 14, 17, 9, 19],
[15, 0, 8, 22, 24, 16, 9],
[20, 8, 0, 22, 23, 17, 2],
[14, 22, 22, 0, 4, 7, 21],
[17, 24, 23, 4, 0, 9, 21],
[9, 16, 17, 7, 9, 0, 16],
[19, 9, 2, 21, 21, 16, 0]
   ],
//setup on machine: MAQ 3
[   [0, 21, 23, 18, 29, 16, 20],
[21, 0, 9, 23, 8, 9, 4],
[23, 9, 0, 18, 11, 17, 5],
[18, 23, 18, 0, 28, 25, 19],
[29, 8, 11, 28, 0, 16, 10],
[16, 9, 17, 25, 16, 0, 12],
[20, 4, 5, 19, 10, 12, 0]
   ],
//setup on machine: MAQ 4
[   [0, 6, 9, 26, 4, 13, 18],
[6, 0, 5, 22, 9, 16, 18],
[9, 5, 0, 25, 13, 21, 23],
[26, 22, 25, 0, 26, 23, 14],
[4, 9, 13, 26, 0, 10, 16],
[13, 16, 21, 23, 10, 0, 10],
[18, 18, 23, 14, 16, 10, 0]
   ],
//setup on machine: MAQ 5
[   [0, 19, 5, 17, 8, 16, 16],
[19, 0, 17, 2, 13, 26, 12],
[5, 17, 0, 15, 4, 21, 17],
[17, 2, 15, 0, 11, 25, 12],
[8, 13, 4, 11, 0, 22, 16],
[16, 26, 21, 25, 22, 0, 15],
[16, 12, 17, 12, 16, 15, 0]
   ],
//setup on machine: MAQ 6
[   [0, 14, 26, 30, 25, 5, 20],
[14, 0, 15, 16, 11, 12, 14],
[26, 15, 0, 10, 11, 26, 27],
[30, 16, 10, 0, 5, 28, 23],
[25, 11, 11, 5, 0, 23, 18],
[5, 12, 26, 28, 23, 0, 15],
[20, 14, 27, 23, 18, 15, 0]
   ],
//setup on machine: MAQ 7
[   [0, 17, 20, 18, 4, 1, 16],
[17, 0, 7, 7, 21, 17, 20],
[20, 7, 0, 3, 24, 21, 18],
[18, 7, 3, 0, 22, 18, 15],
[4, 21, 24, 22, 0, 4, 18],
[1, 17, 21, 18, 4, 0, 17],
[16, 20, 18, 15, 18, 17, 0]
   ]
];