nbJobs = 5;
nbMchs = 5;

OpDurations = [
[65, 51, 62, 65, 16]
[71, 31, 49, 85, 58]
[47, 78, 63, 2, 62]
[14, 97, 48, 42, 95]
[89, 7, 76, 80, 9]
];

setup = [

// INSTANCIA 05X05-7
//setup on machine: MAQ 1
[   [0, 9, 17, 7, 17],
[9, 0, 17, 13, 13],
[17, 17, 0, 12, 5],
[7, 13, 12, 0, 14],
[17, 13, 5, 14, 0]
   ],
//setup on machine: MAQ 2
[   [0, 13, 15, 2, 15],
[13, 0, 7, 13, 5],
[15, 7, 0, 14, 11],
[2, 13, 14, 0, 16],
[15, 5, 11, 16, 0]
   ],
//setup on machine: MAQ 3
[   [0, 7, 4, 2, 5],
[7, 0, 10, 8, 6],
[4, 10, 0, 3, 5],
[2, 8, 3, 0, 4],
[5, 6, 5, 4, 0]
   ],
//setup on machine: MAQ 4
[   [0, 9, 20, 18, 19],
[9, 0, 13, 17, 13],
[20, 13, 0, 28, 20],
[18, 17, 28, 0, 10],
[19, 13, 20, 10, 0]
   ],
//setup on machine: MAQ 5
[   [0, 29, 17, 22, 5],
[29, 0, 22, 11, 30],
[17, 22, 0, 22, 14],
[22, 11, 22, 0, 25],
[5, 30, 14, 25, 0]
   ]
];