// INSTANCIA FGSSP 15x15-02
nbJobs = 15;
nbMchs = 15;

OpDurations = [
[41, 81, 70, 53, 62, 42, 96, 72, 21,  92,  67,  25,  83,  67,  46]
[47, 76, 45, 19, 43, 23, 57, 94, 55,  17,  32,  89,  54,  34,  41]
[50, 86, 77, 22, 49,  3, 16, 71, 14,  20,   5,  73,  63,  51,  53]
[75, 18, 28, 40, 46, 76, 14, 31, 19,  89,  92,  33,  26,  17,  23]
[33, 96, 36, 34, 43, 62, 16, 39, 76,  16,  29,  15,  59,  25,   3]
[1, 18, 33, 87, 36, 66, 69, 84, 12,  46,  47,  16,  43,  72,  97]
[72, 77, 57, 49, 73, 98, 12, 39,  9,  62,   8,  71,  80,  83,  19]
[76, 32, 30, 33,  3, 42, 99, 88, 95,  92,  18,  22,  73,  81,  99]
[98, 95, 78, 83, 49, 46, 97, 25, 24,  28,  66,  29,  26,   9,  54]
[47, 85, 57,  5, 94, 79, 82, 77, 20,  90,  38,  29,  15,  65,  72] 
[15, 14, 47, 69, 58, 78, 20, 32, 95,   3,  35,  80,  64,  59,  73]
[90, 96, 61, 77, 35, 51, 15, 67, 76,  17,  24,  80,  83,  58,  20]
[98, 47, 36, 46, 64, 62, 67, 35, 62,  42,  89,  48,  77,  49,   1]
[49, 42, 60,  4, 14, 89, 83, 24, 28,  51,   5,  49,  82,  77,  94]
[46, 53, 86, 86, 83,  3, 44, 51, 49,  42,   8,  34,  37,  50,  60]
];

setup = [
//setup on machine: MAQ 1
[   [0, 19, 14, 9, 11, 21, 4, 21, 6, 15, 8, 13, 22, 3, 17],
[19, 0, 11, 12, 23, 21, 22, 16, 21, 14, 20, 6, 21, 22, 8],
[14, 11, 0, 5, 12, 11, 17, 8, 12, 3, 10, 7, 11, 16, 4],
[9, 12, 5, 0, 11, 15, 13, 13, 9, 7, 8, 6, 15, 12, 8],
[11, 23, 12, 11, 0, 13, 13, 16, 5, 11, 4, 17, 14, 11, 16],
[21, 21, 11, 15, 13, 0, 24, 6, 16, 8, 14, 18, 2, 22, 13],
[4, 22, 17, 13, 13, 24, 0, 24, 8, 18, 11, 16, 25, 2, 20],
[21, 16, 8, 13, 16, 6, 24, 0, 17, 6, 15, 14, 5, 23, 8],
[6, 21, 12, 9, 5, 16, 8, 17, 0, 12, 3, 15, 18, 6, 16],
[15, 14, 3, 7, 11, 8, 18, 6, 12, 0, 9, 10, 8, 17, 6],
[8, 20, 10, 8, 4, 14, 11, 15, 3, 9, 0, 14, 15, 9, 14],
[13, 6, 7, 6, 17, 18, 16, 14, 15, 10, 14, 0, 18, 16, 6],
[22, 21, 11, 15, 14, 2, 25, 5, 18, 8, 15, 18, 0, 24, 13],
[3, 22, 16, 12, 11, 22, 2, 23, 6, 17, 9, 16, 24, 0, 19],
[17, 8, 4, 8, 16, 13, 20, 8, 16, 6, 14, 6, 13, 19, 0]
   ],
   
//setup on machine: MAQ 2
[   [0, 19, 11, 22, 10, 16, 23, 20, 18, 4, 12, 19, 25, 4, 19],
[19, 0, 16, 8, 11, 9, 15, 1, 4, 17, 13, 7, 8, 16, 1],
[11, 16, 0, 15, 6, 18, 14, 17, 17, 13, 17, 20, 19, 8, 17],
[22, 8, 15, 0, 13, 16, 7, 8, 12, 22, 20, 15, 4, 19, 9],
[10, 11, 6, 13, 0, 12, 14, 12, 12, 10, 12, 14, 16, 6, 11],
[16, 9, 18, 16, 12, 0, 22, 9, 5, 12, 5, 4, 17, 13, 8],
[23, 15, 14, 7, 14, 22, 0, 15, 18, 24, 25, 21, 11, 20, 16],
[20, 1, 17, 8, 12, 9, 15, 0, 4, 18, 14, 7, 8, 17, 1],
[18, 4, 17, 12, 12, 5, 18, 4, 0, 15, 10, 3, 12, 15, 3],
[4, 17, 13, 22, 10, 12, 24, 18, 15, 0, 8, 16, 24, 5, 17],
[12, 13, 17, 20, 12, 5, 25, 14, 10, 8, 0, 9, 21, 11, 13],
[19, 7, 20, 15, 14, 4, 21, 7, 3, 16, 9, 0, 15, 17, 6],
[25, 8, 19, 4, 16, 17, 11, 8, 12, 24, 21, 15, 0, 22, 9],
[4, 16, 8, 19, 6, 13, 20, 17, 15, 5, 11, 17, 22, 0, 16],
[19, 1, 17, 9, 11, 8, 16, 1, 3, 17, 13, 6, 9, 16, 0]
   ],
   
//setup on machine: MAQ 3
[   [0, 8, 1, 11, 16, 23, 21, 21, 16, 12, 3, 11, 4, 14, 18],
[8, 0, 7, 7, 19, 27, 24, 21, 21, 9, 11, 7, 8, 6, 13],
[1, 7, 0, 10, 16, 23, 21, 21, 17, 11, 4, 11, 4, 13, 18],
[11, 7, 10, 0, 13, 21, 18, 15, 16, 2, 14, 1, 8, 6, 8],
[16, 19, 16, 13, 0, 8, 5, 8, 4, 12, 17, 14, 12, 19, 16],
[23, 27, 23, 21, 8, 0, 4, 11, 7, 20, 23, 22, 20, 27, 23],
[21, 24, 21, 18, 5, 4, 0, 7, 7, 16, 22, 18, 17, 23, 19],
[21, 21, 21, 15, 8, 11, 7, 0, 12, 13, 23, 15, 17, 19, 13],
[16, 21, 17, 16, 4, 7, 7, 12, 0, 15, 16, 17, 13, 22, 20],
[12, 9, 11, 2, 12, 20, 16, 13, 15, 0, 15, 2, 9, 7, 7],
[3, 11, 4, 14, 17, 23, 22, 23, 16, 15, 0, 14, 6, 17, 21],
[11, 7, 11, 1, 14, 22, 18, 15, 17, 2, 14, 0, 9, 5, 7],
[4, 8, 4, 8, 12, 20, 17, 17, 13, 9, 6, 9, 0, 12, 15],
[14, 6, 13, 6, 19, 27, 23, 19, 22, 7, 17, 5, 12, 0, 8],
[18, 13, 18, 8, 16, 23, 19, 13, 20, 7, 21, 7, 15, 8, 0]
   ],
   
//setup on machine: MAQ 4
[   [0, 9, 6, 5, 14, 16, 13, 12, 14, 16, 12, 13, 12, 8, 12],
[9, 0, 3, 14, 8, 23, 20, 3, 11, 24, 16, 12, 7, 1, 19],
[6, 3, 0, 11, 11, 21, 18, 6, 12, 22, 15, 13, 9, 2, 17],
[5, 14, 11, 0, 19, 12, 10, 17, 18, 12, 12, 17, 17, 13, 8],
[14, 8, 11, 19, 0, 24, 21, 8, 4, 26, 15, 7, 2, 9, 21],
[16, 23, 21, 12, 24, 0, 3, 25, 20, 3, 9, 18, 22, 22, 4],
[13, 20, 18, 10, 21, 3, 0, 23, 18, 5, 7, 15, 19, 19, 2],
[12, 3, 6, 17, 8, 25, 23, 0, 11, 27, 18, 13, 7, 4, 22],
[14, 11, 12, 18, 4, 20, 18, 11, 0, 23, 11, 3, 4, 11, 18],
[16, 24, 22, 12, 26, 3, 5, 27, 23, 0, 12, 20, 24, 23, 5],
[12, 16, 15, 12, 15, 9, 7, 18, 11, 12, 0, 9, 13, 16, 8],
[13, 12, 13, 17, 7, 18, 15, 13, 3, 20, 9, 0, 6, 12, 16],
[12, 7, 9, 17, 2, 22, 19, 7, 4, 24, 13, 6, 0, 8, 19],
[8, 1, 2, 13, 9, 22, 19, 4, 11, 23, 16, 12, 8, 0, 18],
[12, 19, 17, 8, 21, 4, 2, 22, 18, 5, 8, 16, 19, 18, 0]
   ],
   
//setup on machine: MAQ 5
[   [0, 15, 19, 17, 10, 11, 24, 12, 20, 25, 21, 3, 2, 6, 18],
[15, 0, 13, 3, 7, 12, 17, 9, 5, 14, 19, 13, 14, 9, 18],
[19, 13, 0, 11, 10, 9, 5, 8, 15, 7, 7, 19, 20, 16, 7],
[17, 3, 11, 0, 8, 12, 14, 9, 4, 12, 18, 15, 16, 11, 17],
[10, 7, 10, 8, 0, 5, 15, 3, 12, 15, 14, 9, 10, 6, 12],
[11, 12, 9, 12, 5, 0, 13, 3, 16, 15, 10, 12, 12, 10, 7],
[24, 17, 5, 14, 15, 13, 0, 13, 17, 5, 9, 24, 25, 21, 10],
[12, 9, 8, 9, 3, 3, 13, 0, 13, 14, 11, 11, 12, 9, 9],
[20, 5, 15, 4, 12, 16, 17, 13, 0, 13, 22, 18, 19, 14, 21],
[25, 14, 7, 12, 15, 15, 5, 14, 13, 0, 13, 24, 25, 21, 14],
[21, 19, 7, 18, 14, 10, 9, 11, 22, 13, 0, 21, 22, 20, 3],
[3, 13, 19, 15, 9, 12, 24, 11, 18, 24, 21, 0, 1, 4, 19],
[2, 14, 20, 16, 10, 12, 25, 12, 19, 25, 22, 1, 0, 5, 19],
[6, 9, 16, 11, 6, 10, 21, 9, 14, 21, 20, 4, 5, 0, 17],
[18, 18, 7, 17, 12, 7, 10, 9, 21, 14, 3, 19, 19, 17, 0]
   ],
   
//setup on machine: MAQ 6
[   [0, 8, 16, 10, 12, 13, 2, 16, 14, 17, 7, 14, 9, 14, 13],
[8, 0, 22, 3, 5, 5, 6, 23, 17, 17, 14, 21, 1, 8, 6],
[16, 22, 0, 21, 22, 24, 17, 7, 5, 12, 19, 7, 22, 21, 27],
[10, 3, 21, 0, 2, 3, 8, 24, 17, 15, 16, 22, 4, 5, 6],
[12, 5, 22, 2, 0, 2, 10, 25, 17, 15, 18, 23, 6, 3, 7],
[13, 5, 24, 3, 2, 0, 11, 27, 19, 17, 19, 25, 5, 5, 5],
[2, 6, 17, 8, 10, 11, 0, 18, 14, 16, 9, 16, 7, 12, 12],
[16, 23, 7, 24, 25, 27, 18, 0, 11, 18, 16, 2, 24, 25, 29],
[14, 17, 5, 17, 17, 19, 14, 11, 0, 7, 18, 10, 18, 16, 23],
[17, 17, 12, 15, 15, 17, 16, 18, 7, 0, 23, 17, 18, 12, 21],
[7, 14, 19, 16, 18, 19, 9, 16, 18, 23, 0, 14, 14, 20, 18],
[14, 21, 7, 22, 23, 25, 16, 2, 10, 17, 14, 0, 22, 23, 27],
[9, 1, 22, 4, 6, 5, 7, 24, 18, 18, 14, 22, 0, 9, 5],
[14, 8, 21, 5, 3, 5, 12, 25, 16, 12, 20, 23, 9, 0, 10],
[13, 6, 27, 6, 7, 5, 12, 29, 23, 21, 18, 27, 5, 10, 0]
   ],
   
//setup on machine: MAQ 7
[   [0, 17, 9, 9, 13, 16, 9, 19, 16, 6, 5, 17, 8, 6, 8],
[17, 0, 25, 16, 20, 5, 17, 4, 19, 18, 21, 23, 12, 21, 23],
[9, 25, 0, 15, 15, 23, 12, 27, 18, 11, 4, 18, 15, 5, 9],
[9, 16, 15, 0, 21, 17, 16, 19, 23, 4, 13, 25, 14, 15, 9],
[13, 20, 15, 21, 0, 16, 5, 20, 4, 19, 12, 4, 9, 10, 21],
[16, 5, 23, 17, 16, 0, 14, 4, 14, 18, 19, 18, 9, 19, 23],
[9, 17, 12, 16, 5, 14, 0, 18, 7, 14, 8, 9, 5, 7, 16],
[19, 4, 27, 19, 20, 4, 18, 0, 18, 21, 23, 22, 13, 23, 26],
[16, 19, 18, 23, 4, 14, 7, 18, 0, 21, 15, 4, 9, 13, 23],
[6, 18, 11, 4, 19, 18, 14, 21, 21, 0, 9, 23, 13, 11, 5],
[5, 21, 4, 13, 12, 19, 8, 23, 15, 9, 0, 15, 11, 2, 9],
[17, 23, 18, 25, 4, 18, 9, 22, 4, 23, 15, 0, 12, 13, 24],
[8, 12, 15, 14, 9, 9, 5, 13, 9, 13, 11, 12, 0, 10, 16],
[6, 21, 5, 15, 10, 19, 7, 23, 13, 11, 2, 13, 10, 0, 11],
[8, 23, 9, 9, 21, 23, 16, 26, 23, 5, 9, 24, 16, 11, 0]
   ],
   
//setup on machine: MAQ 8
[   [0, 17, 20, 14, 19, 20, 21, 22, 1, 4, 22, 19, 25, 18, 7],
[17, 0, 3, 9, 7, 6, 13, 12, 17, 14, 5, 2, 9, 5, 14],
[20, 3, 0, 10, 5, 4, 11, 14, 19, 17, 2, 3, 6, 7, 16],
[14, 9, 10, 0, 7, 8, 7, 21, 13, 13, 11, 11, 14, 14, 8],
[19, 7, 5, 7, 0, 1, 6, 19, 19, 17, 5, 8, 7, 12, 14],
[20, 6, 4, 8, 1, 0, 7, 18, 19, 18, 4, 7, 6, 11, 15],
[21, 13, 11, 7, 6, 7, 0, 25, 20, 20, 11, 14, 12, 18, 14],
[22, 12, 14, 21, 19, 18, 25, 0, 22, 18, 15, 11, 17, 7, 23],
[1, 17, 19, 13, 19, 19, 20, 22, 0, 4, 21, 18, 25, 18, 6],
[4, 14, 17, 13, 17, 18, 20, 18, 4, 0, 19, 16, 23, 14, 8],
[22, 5, 2, 11, 5, 4, 11, 15, 21, 19, 0, 5, 4, 9, 18],
[19, 2, 3, 11, 8, 7, 14, 11, 18, 16, 5, 0, 8, 4, 16],
[25, 9, 6, 14, 7, 6, 12, 17, 25, 23, 4, 8, 0, 12, 21],
[18, 5, 7, 14, 12, 11, 18, 7, 18, 14, 9, 4, 12, 0, 17],
[7, 14, 16, 8, 14, 15, 14, 23, 6, 8, 18, 16, 21, 17, 0]
   ],
   
//setup on machine: MAQ 9
[   [0, 18, 14, 12, 19, 18, 3, 17, 9, 17, 11, 18, 17, 14, 1],
[18, 0, 4, 9, 20, 15, 15, 11, 18, 1, 10, 11, 4, 14, 19],
[14, 4, 0, 7, 19, 14, 12, 10, 15, 3, 7, 11, 4, 12, 15],
[12, 9, 7, 0, 23, 20, 10, 5, 17, 9, 1, 17, 11, 16, 12],
[19, 20, 19, 23, 0, 5, 18, 28, 10, 21, 23, 9, 17, 7, 20],
[18, 15, 14, 20, 5, 0, 16, 24, 10, 16, 19, 4, 12, 4, 19],
[3, 15, 12, 10, 18, 16, 0, 15, 9, 15, 9, 16, 14, 12, 4],
[17, 11, 10, 5, 28, 24, 15, 0, 22, 10, 6, 21, 14, 21, 17],
[9, 18, 15, 17, 10, 10, 9, 22, 0, 18, 16, 12, 15, 7, 10],
[17, 1, 3, 9, 21, 16, 15, 10, 18, 0, 9, 12, 4, 14, 18],
[11, 10, 7, 1, 23, 19, 9, 6, 16, 9, 0, 17, 11, 16, 11],
[18, 11, 11, 17, 9, 4, 16, 21, 12, 12, 17, 0, 8, 5, 19],
[17, 4, 4, 11, 17, 12, 14, 14, 15, 4, 11, 8, 0, 10, 18],
[14, 14, 12, 16, 7, 4, 12, 21, 7, 14, 16, 5, 10, 0, 15],
[1, 19, 15, 12, 20, 19, 4, 17, 10, 18, 11, 19, 18, 15, 0]
   ],
   
//setup on machine: MAQ 10
[   [0, 13, 8, 16, 4, 2, 9, 14, 12, 15, 17, 20, 15, 8, 3],
[13, 0, 8, 10, 15, 13, 12, 9, 24, 22, 9, 11, 13, 9, 12],
[8, 8, 0, 16, 9, 9, 4, 14, 19, 22, 16, 18, 17, 1, 6],
[16, 10, 16, 0, 20, 15, 20, 2, 26, 18, 2, 4, 5, 17, 17],
[4, 15, 9, 20, 0, 6, 7, 18, 10, 18, 21, 23, 19, 8, 3],
[2, 13, 9, 15, 6, 0, 11, 13, 12, 13, 16, 19, 13, 10, 5],
[9, 12, 4, 20, 7, 11, 0, 18, 17, 23, 20, 22, 21, 3, 6],
[14, 9, 14, 2, 18, 13, 18, 0, 25, 17, 3, 6, 5, 15, 16],
[12, 24, 19, 26, 10, 12, 17, 25, 0, 16, 28, 30, 24, 18, 13],
[15, 22, 22, 18, 18, 13, 23, 17, 16, 0, 20, 22, 13, 22, 18],
[17, 9, 16, 2, 21, 16, 20, 3, 28, 20, 0, 3, 7, 17, 18],
[20, 11, 18, 4, 23, 19, 22, 6, 30, 22, 3, 0, 9, 19, 21],
[15, 13, 17, 5, 19, 13, 21, 5, 24, 13, 7, 9, 0, 18, 17],
[8, 9, 1, 17, 8, 10, 3, 15, 18, 22, 17, 19, 18, 0, 6],
[3, 12, 6, 17, 3, 5, 6, 16, 13, 18, 18, 21, 17, 6, 0]
   ],
   
//setup on machine: MAQ 11
[   [0, 23, 13, 17, 13, 22, 16, 21, 19, 17, 3, 18, 12, 21, 4],
[23, 0, 10, 6, 15, 4, 11, 3, 12, 12, 25, 7, 13, 4, 26],
[13, 10, 0, 5, 8, 10, 9, 9, 12, 8, 16, 7, 4, 8, 16],
[17, 6, 5, 0, 12, 5, 6, 6, 9, 11, 20, 3, 9, 6, 21],
[13, 15, 8, 12, 0, 17, 17, 12, 20, 4, 16, 15, 4, 11, 16],
[22, 4, 10, 5, 17, 0, 8, 7, 8, 15, 24, 4, 14, 8, 25],
[16, 11, 9, 6, 17, 8, 0, 12, 3, 16, 18, 4, 13, 12, 19],
[21, 3, 9, 6, 12, 7, 12, 0, 14, 9, 24, 8, 10, 1, 25],
[19, 12, 12, 9, 20, 8, 3, 14, 0, 19, 21, 6, 16, 14, 22],
[17, 12, 8, 11, 4, 15, 16, 9, 19, 0, 20, 14, 5, 8, 20],
[3, 25, 16, 20, 16, 24, 18, 24, 21, 20, 0, 20, 15, 24, 1],
[18, 7, 7, 3, 15, 4, 4, 8, 6, 14, 20, 0, 11, 9, 21],
[12, 13, 4, 9, 4, 14, 13, 10, 16, 5, 15, 11, 0, 9, 16],
[21, 4, 8, 6, 11, 8, 12, 1, 14, 8, 24, 9, 9, 0, 24],
[4, 26, 16, 21, 16, 25, 19, 25, 22, 20, 1, 21, 16, 24, 0]
   ],
   
//setup on machine: MAQ 12
[   [0, 16, 18, 10, 4, 11, 15, 17, 18, 18, 3, 12, 14, 13, 12],
[16, 0, 19, 9, 13, 26, 21, 4, 10, 21, 18, 28, 14, 17, 22],
[18, 19, 0, 11, 15, 19, 7, 15, 10, 4, 16, 22, 5, 29, 11],
[10, 9, 11, 0, 6, 18, 12, 8, 8, 13, 10, 20, 6, 18, 13],
[4, 13, 15, 6, 0, 13, 13, 13, 14, 16, 5, 15, 11, 14, 11],
[11, 26, 19, 18, 13, 0, 13, 25, 24, 17, 9, 3, 18, 23, 8],
[15, 21, 7, 12, 13, 13, 0, 18, 15, 4, 12, 16, 8, 27, 5],
[17, 4, 15, 8, 13, 25, 18, 0, 6, 18, 18, 28, 11, 20, 20],
[18, 10, 10, 8, 14, 24, 15, 6, 0, 13, 18, 27, 7, 25, 18],
[18, 21, 4, 13, 16, 17, 4, 18, 13, 0, 16, 20, 7, 30, 9],
[3, 18, 16, 10, 5, 9, 12, 18, 18, 16, 0, 10, 13, 16, 9],
[12, 28, 22, 20, 15, 3, 16, 28, 27, 20, 10, 0, 21, 23, 11],
[14, 14, 5, 6, 11, 18, 8, 11, 7, 7, 13, 21, 0, 24, 11],
[13, 17, 29, 18, 14, 23, 27, 20, 25, 30, 16, 23, 24, 0, 25],
[12, 22, 11, 13, 11, 8, 5, 20, 18, 9, 9, 11, 11, 25, 0]
   ],
   
//setup on machine: MAQ 13
[   [0, 17, 6, 13, 22, 23, 6, 8, 21, 13, 14, 17, 12, 22, 8],
[17, 0, 12, 17, 5, 11, 20, 11, 4, 20, 25, 9, 5, 5, 14],
[6, 12, 0, 9, 17, 17, 8, 2, 16, 10, 13, 11, 8, 17, 11],
[13, 17, 9, 0, 19, 15, 11, 8, 19, 4, 10, 10, 14, 21, 19],
[22, 5, 17, 19, 0, 9, 25, 15, 1, 23, 28, 10, 10, 3, 19],
[23, 11, 17, 15, 9, 0, 24, 15, 9, 19, 25, 6, 14, 12, 24],
[6, 20, 8, 11, 25, 24, 0, 10, 24, 9, 8, 18, 16, 25, 14],
[8, 11, 2, 8, 15, 15, 10, 0, 14, 10, 14, 9, 7, 16, 12],
[21, 4, 16, 19, 1, 9, 24, 14, 0, 22, 28, 9, 9, 3, 18],
[13, 20, 10, 4, 23, 19, 9, 10, 22, 0, 6, 14, 17, 24, 20],
[14, 25, 13, 10, 28, 25, 8, 14, 28, 6, 0, 20, 21, 30, 22],
[17, 9, 11, 10, 10, 6, 18, 9, 9, 14, 20, 0, 10, 12, 19],
[12, 5, 8, 14, 10, 14, 16, 7, 9, 17, 21, 10, 0, 10, 10],
[22, 5, 17, 21, 3, 12, 25, 16, 3, 24, 30, 12, 10, 0, 18],
[8, 14, 11, 19, 19, 24, 14, 12, 18, 20, 22, 19, 10, 18, 0]
   ],
   
//setup on machine: MAQ 14
[   [0, 17, 18, 20, 7, 20, 18, 6, 14, 11, 10, 9, 13, 17, 9],
[17, 0, 12, 3, 16, 13, 17, 11, 16, 15, 23, 19, 16, 4, 19],
[18, 12, 0, 13, 12, 2, 6, 12, 24, 9, 18, 13, 8, 16, 14],
[20, 3, 13, 0, 19, 14, 19, 14, 17, 17, 26, 21, 18, 5, 22],
[7, 16, 12, 19, 0, 14, 11, 6, 19, 4, 7, 3, 6, 18, 3],
[20, 13, 2, 14, 14, 0, 7, 14, 26, 10, 20, 15, 9, 17, 16],
[18, 17, 6, 19, 11, 7, 0, 14, 28, 8, 15, 11, 5, 21, 12],
[6, 11, 12, 14, 6, 14, 14, 0, 14, 7, 13, 9, 10, 12, 9],
[14, 16, 24, 17, 19, 26, 28, 14, 0, 21, 24, 22, 24, 12, 22],
[11, 15, 9, 17, 4, 10, 8, 7, 21, 0, 10, 5, 3, 17, 6],
[10, 23, 18, 26, 7, 20, 15, 13, 24, 10, 0, 5, 11, 25, 4],
[9, 19, 13, 21, 3, 15, 11, 9, 22, 5, 5, 0, 6, 21, 1],
[13, 16, 8, 18, 6, 9, 5, 10, 24, 3, 11, 6, 0, 19, 7],
[17, 4, 16, 5, 18, 17, 21, 12, 12, 17, 25, 21, 19, 0, 21],
[9, 19, 14, 22, 3, 16, 12, 9, 22, 6, 4, 1, 7, 21, 0]
   ],
   
//setup on machine: MAQ 15
[   [0, 5, 15, 13, 8, 9, 5, 14, 14, 13, 8, 3, 13, 3, 9],
[5, 0, 20, 10, 13, 4, 7, 10, 9, 12, 8, 6, 12, 2, 14],
[15, 20, 0, 25, 9, 23, 15, 27, 28, 25, 21, 15, 23, 18, 9],
[13, 10, 25, 0, 21, 7, 10, 4, 10, 21, 18, 16, 4, 12, 22],
[8, 13, 9, 21, 0, 17, 11, 22, 21, 16, 12, 7, 20, 11, 1],
[9, 4, 23, 7, 17, 0, 9, 6, 6, 14, 11, 10, 10, 6, 18],
[5, 7, 15, 10, 11, 9, 0, 13, 14, 18, 13, 8, 9, 6, 12],
[14, 10, 27, 4, 22, 6, 13, 0, 7, 19, 17, 16, 8, 12, 23],
[14, 9, 28, 10, 21, 6, 14, 7, 0, 14, 13, 14, 14, 11, 22],
[13, 12, 25, 21, 16, 14, 18, 19, 14, 0, 5, 11, 24, 12, 17],
[8, 8, 21, 18, 12, 11, 13, 17, 13, 5, 0, 6, 20, 7, 12],
[3, 6, 15, 16, 7, 10, 8, 16, 14, 11, 6, 0, 16, 4, 8],
[13, 12, 23, 4, 20, 10, 9, 8, 14, 24, 20, 16, 0, 13, 21],
[3, 2, 18, 12, 11, 6, 6, 12, 11, 12, 7, 4, 13, 0, 12],
[9, 14, 9, 22, 1, 18, 12, 23, 22, 17, 12, 8, 21, 12, 0]
   ]
];