// INSTANCIA 7X7-05
nbJobs = 7;
nbMchs = 7;

OpDurations = [
[90, 62, 19, 26, 80, 23, 86]
[20, 7, 65, 59, 74, 91, 62]
[53, 99, 95, 56, 45, 7, 4]
[49, 48, 62, 77, 12, 29, 6]
[27, 33, 42, 73, 38, 95, 81]
[66, 70, 62, 56, 76, 36, 39]
[73, 8, 71, 51, 55, 39, 36]
];

setup = [
//setup on machine: MAQ 1
[   [0, 10, 12, 3, 12, 19, 8],
[10, 0, 8, 8, 8, 10, 12],
[12, 8, 0, 12, 1, 16, 8],
[3, 8, 12, 0, 13, 17, 10],
[12, 8, 1, 13, 0, 15, 9],
[19, 10, 16, 17, 15, 0, 22],
[8, 12, 8, 10, 9, 22, 0]
   ],
//setup on machine: MAQ 2
[   [0, 28, 18, 27, 24, 19, 24],
[28, 0, 24, 4, 11, 9, 26],
[18, 24, 0, 26, 14, 19, 6],
[27, 4, 26, 0, 14, 8, 29],
[24, 11, 14, 14, 0, 10, 16],
[19, 9, 19, 8, 10, 0, 23],
[24, 26, 6, 29, 16, 23, 0]
   ],
//setup on machine: MAQ 3
[   [0, 22, 10, 27, 4, 11, 14],
[22, 0, 22, 13, 18, 13, 14],
[10, 22, 0, 22, 13, 17, 8],
[27, 13, 22, 0, 26, 23, 14],
[4, 18, 13, 26, 0, 7, 14],
[11, 13, 17, 23, 7, 0, 14],
[14, 14, 8, 14, 14, 14, 0]
   ],
//setup on machine: MAQ 4
[   [0, 15, 19, 10, 4, 9, 15],
[15, 0, 23, 18, 18, 16, 3],
[19, 23, 0, 9, 16, 28, 26],
[10, 18, 9, 0, 7, 19, 20],
[4, 18, 16, 7, 0, 13, 19],
[9, 16, 28, 19, 13, 0, 15],
[15, 3, 26, 20, 19, 15, 0]
   ],
//setup on machine: MAQ 5
[   [0, 14, 13, 17, 14, 20, 4],
[14, 0, 11, 25, 18, 13, 18],
[13, 11, 0, 29, 24, 24, 14],
[17, 25, 29, 0, 7, 19, 18],
[14, 18, 24, 7, 0, 12, 17],
[20, 13, 24, 19, 12, 0, 24],
[4, 18, 14, 18, 17, 24, 0]
   ],
//setup on machine: MAQ 6
[   [0, 17, 18, 8, 11, 28, 8],
[17, 0, 4, 12, 13, 16, 16],
[18, 4, 0, 12, 11, 12, 15],
[8, 12, 12, 0, 3, 20, 4],
[11, 13, 11, 3, 0, 17, 4],
[28, 16, 12, 20, 17, 0, 21],
[8, 16, 15, 4, 4, 21, 0]
   ],
//setup on machine: MAQ 7
[   [0, 23, 17, 26, 25, 8, 25],
[23, 0, 13, 23, 17, 29, 24],
[17, 13, 0, 12, 8, 20, 12],
[26, 23, 12, 0, 6, 25, 1],
[25, 17, 8, 6, 0, 26, 7],
[8, 29, 20, 25, 26, 0, 24],
[25, 24, 12, 1, 7, 24, 0]
   ]
];