// INSTANCIA FGSSP 15x15-10
nbJobs = 15;
nbMchs = 15;

OpDurations = [
[48, 47, 67, 13, 12, 91, 45, 7, 72, 83, 81, 81, 49, 57, 78]
[39, 31, 56, 31, 51, 74, 55, 87, 44, 99, 63, 40, 68, 64, 60]
[26, 48, 7, 40, 98, 21, 43, 16, 55, 27, 16, 41, 98, 86, 11]
[23, 43, 98, 64, 1, 78, 45, 3, 13, 15, 89, 59, 40, 17, 58]
[21, 93, 5, 31, 59, 85, 35, 63, 73, 18, 41, 55, 13, 49, 56]
[97, 40, 54, 89, 60, 14, 26, 7, 11, 17, 75, 71, 79, 36, 8]
[89, 28, 58, 19, 34, 40, 76, 1, 95, 65, 39, 70, 68, 26, 68]
[97, 65, 70, 5, 26, 76, 11, 89, 42, 41, 40, 85, 68, 30, 73]
[6, 31, 66, 9, 95, 31, 45, 20, 81, 71, 99, 42, 23, 70, 97]
[38, 35, 73, 85, 66, 61, 26, 13, 84, 30, 44, 89, 42, 50, 90]
[57, 8, 23, 87, 46, 83, 32, 28, 13, 12, 69, 55, 26, 28, 69]
[38, 2, 46, 32, 53, 99, 99, 70, 58, 34, 37, 7, 7, 93, 18]
[44, 8, 41, 63, 68, 33, 4, 16, 25, 49, 42, 13, 89, 28, 55]
[74, 93, 92, 68, 92, 23, 22, 44, 55, 81, 87, 18, 78, 15, 55]
[57, 36, 55, 60, 99, 13, 79, 61, 39, 33, 80, 24, 87, 6, 58]
];

setup = [
//setup on machine: MAQ 1
[   [0, 21, 16, 22, 17, 10, 11, 17, 29, 20, 20, 24, 26, 6, 24],
[21, 0, 19, 22, 9, 12, 13, 14, 15, 16, 8, 10, 7, 15, 5],
[16, 19, 0, 6, 23, 10, 8, 5, 17, 6, 24, 14, 19, 16, 18],
[22, 22, 6, 0, 27, 16, 14, 9, 16, 6, 28, 15, 20, 22, 20],
[17, 9, 23, 27, 0, 13, 15, 19, 24, 22, 3, 19, 16, 11, 14],
[10, 12, 10, 16, 13, 0, 2, 8, 19, 12, 15, 14, 16, 7, 14],
[11, 13, 8, 14, 15, 2, 0, 6, 18, 10, 17, 13, 16, 9, 15],
[17, 14, 5, 9, 19, 8, 6, 0, 14, 4, 20, 9, 14, 15, 13],
[29, 15, 17, 16, 24, 19, 18, 14, 0, 12, 23, 5, 9, 26, 10],
[20, 16, 6, 6, 22, 12, 10, 4, 12, 0, 23, 9, 15, 19, 14],
[20, 8, 24, 28, 3, 15, 17, 20, 23, 23, 0, 18, 15, 14, 13],
[24, 10, 14, 15, 19, 14, 13, 9, 5, 9, 18, 0, 6, 21, 6],
[26, 7, 19, 20, 16, 16, 16, 14, 9, 15, 15, 6, 0, 21, 2],
[6, 15, 16, 22, 11, 7, 9, 15, 26, 19, 14, 21, 21, 0, 19],
[24, 5, 18, 20, 14, 14, 15, 13, 10, 14, 13, 6, 2, 19, 0]
   ],
//setup on machine: MAQ 2
[   [0, 8, 17, 12, 11, 17, 11, 17, 16, 8, 9, 12, 12, 11, 9],
[8, 0, 22, 17, 4, 21, 17, 23, 16, 3, 17, 4, 6, 14, 17],
[17, 22, 0, 6, 25, 1, 7, 2, 11, 24, 15, 24, 21, 8, 21],
[12, 17, 6, 0, 21, 6, 1, 6, 12, 18, 9, 20, 18, 5, 15],
[11, 4, 25, 21, 0, 25, 20, 26, 19, 4, 20, 4, 7, 18, 19],
[17, 21, 1, 6, 25, 0, 7, 3, 10, 23, 15, 23, 20, 7, 21],
[11, 17, 7, 1, 20, 7, 0, 7, 12, 18, 9, 19, 17, 5, 14],
[17, 23, 2, 6, 26, 3, 7, 0, 13, 24, 14, 25, 22, 9, 20],
[16, 16, 11, 12, 19, 10, 12, 13, 0, 19, 20, 16, 13, 7, 24],
[8, 3, 24, 18, 4, 23, 18, 24, 19, 0, 16, 7, 9, 16, 15],
[9, 17, 15, 9, 20, 15, 9, 14, 20, 16, 0, 21, 20, 13, 6],
[12, 4, 24, 20, 4, 23, 19, 25, 16, 7, 21, 0, 3, 16, 21],
[12, 6, 21, 18, 7, 20, 17, 22, 13, 9, 20, 3, 0, 13, 21],
[11, 14, 8, 5, 18, 7, 5, 9, 7, 16, 13, 16, 13, 0, 17],
[9, 17, 21, 15, 19, 21, 14, 20, 24, 15, 6, 21, 21, 17, 0]
   ],
//setup on machine: MAQ 3
[   [0, 3, 8, 11, 7, 11, 10, 9, 13, 12, 19, 16, 11, 8, 4],
[3, 0, 10, 10, 8, 14, 13, 8, 12, 10, 20, 14, 12, 9, 3],
[8, 10, 0, 11, 13, 6, 12, 8, 21, 13, 23, 24, 16, 4, 8],
[11, 10, 11, 0, 18, 17, 21, 3, 22, 3, 30, 21, 22, 7, 8],
[7, 8, 13, 18, 0, 13, 8, 15, 9, 18, 12, 15, 4, 15, 10],
[11, 14, 6, 17, 13, 0, 9, 14, 22, 19, 21, 27, 15, 10, 13],
[10, 13, 12, 21, 8, 9, 0, 18, 16, 22, 12, 22, 7, 16, 14],
[9, 8, 8, 3, 15, 14, 18, 0, 20, 5, 27, 21, 19, 4, 5],
[13, 12, 21, 22, 9, 22, 16, 20, 0, 21, 13, 8, 9, 21, 15],
[12, 10, 13, 3, 18, 19, 22, 5, 21, 0, 30, 19, 22, 9, 8],
[19, 20, 23, 30, 12, 21, 12, 27, 13, 30, 0, 21, 8, 26, 22],
[16, 14, 24, 21, 15, 27, 22, 21, 8, 19, 21, 0, 16, 23, 17],
[11, 12, 16, 22, 4, 15, 7, 19, 9, 22, 8, 16, 0, 18, 14],
[8, 9, 4, 7, 15, 10, 16, 4, 21, 9, 26, 23, 18, 0, 6],
[4, 3, 8, 8, 10, 13, 14, 5, 15, 8, 22, 17, 14, 6, 0]
   ],
//setup on machine: MAQ 4
[   [0, 25, 11, 22, 21, 6, 9, 1, 16, 8, 19, 15, 18, 8, 8],
[25, 0, 21, 6, 7, 19, 18, 25, 9, 17, 9, 11, 22, 17, 20],
[11, 21, 0, 20, 21, 7, 4, 10, 15, 10, 19, 10, 25, 7, 14],
[22, 6, 20, 0, 1, 17, 17, 22, 6, 14, 3, 10, 16, 15, 16],
[21, 7, 21, 1, 0, 17, 17, 22, 6, 13, 2, 11, 15, 15, 15],
[6, 19, 7, 17, 17, 0, 4, 6, 11, 4, 15, 9, 18, 2, 8],
[9, 18, 4, 17, 17, 4, 0, 9, 11, 6, 15, 7, 21, 3, 11],
[1, 25, 10, 22, 22, 6, 9, 0, 17, 9, 20, 15, 19, 8, 9],
[16, 9, 15, 6, 6, 11, 11, 17, 0, 8, 4, 6, 15, 9, 11],
[8, 17, 10, 14, 13, 4, 6, 9, 8, 0, 11, 8, 15, 3, 5],
[19, 9, 19, 3, 2, 15, 15, 20, 4, 11, 0, 10, 13, 13, 13],
[15, 11, 10, 10, 11, 9, 7, 15, 6, 8, 10, 0, 20, 7, 13],
[18, 22, 25, 16, 15, 18, 21, 19, 15, 15, 13, 20, 0, 18, 11],
[8, 17, 7, 15, 15, 2, 3, 8, 9, 3, 13, 7, 18, 0, 8],
[8, 20, 14, 16, 15, 8, 11, 9, 11, 5, 13, 13, 11, 8, 0]
   ],
//setup on machine: MAQ 5
[   [0, 17, 23, 21, 19, 17, 16, 14, 9, 8, 18, 12, 4, 19, 6],
[17, 0, 8, 6, 6, 6, 11, 8, 12, 13, 7, 8, 16, 17, 11],
[23, 8, 0, 3, 13, 7, 18, 16, 20, 17, 14, 16, 21, 15, 17],
[21, 6, 3, 0, 12, 4, 17, 14, 18, 14, 13, 14, 18, 13, 15],
[19, 6, 13, 12, 0, 12, 6, 6, 11, 17, 1, 7, 19, 23, 14],
[17, 6, 7, 4, 12, 0, 16, 13, 15, 10, 13, 12, 14, 11, 11],
[16, 11, 18, 17, 6, 16, 0, 4, 7, 17, 5, 5, 18, 25, 13],
[14, 8, 16, 14, 6, 13, 4, 0, 6, 14, 5, 2, 15, 22, 10],
[9, 12, 20, 18, 11, 15, 7, 6, 0, 12, 11, 4, 12, 22, 8],
[8, 13, 17, 14, 17, 10, 17, 14, 12, 0, 17, 12, 4, 11, 4],
[18, 7, 14, 13, 1, 13, 5, 5, 11, 17, 0, 7, 19, 23, 14],
[12, 8, 16, 14, 7, 12, 5, 2, 4, 12, 7, 0, 13, 21, 8],
[4, 16, 21, 18, 19, 14, 18, 15, 12, 4, 19, 13, 0, 15, 5],
[19, 17, 15, 13, 23, 11, 25, 22, 22, 11, 23, 21, 15, 0, 15],
[6, 11, 17, 15, 14, 11, 13, 10, 8, 4, 14, 8, 5, 15, 0]
   ],
//setup on machine: MAQ 6
[   [0, 22, 7, 19, 26, 15, 11, 25, 14, 13, 15, 11, 11, 18, 15],
[22, 0, 16, 27, 17, 14, 14, 13, 9, 21, 8, 18, 12, 13, 20],
[7, 16, 0, 22, 24, 13, 9, 22, 7, 16, 10, 12, 4, 16, 16],
[19, 27, 22, 0, 16, 13, 14, 19, 24, 7, 20, 10, 23, 14, 7],
[26, 17, 24, 16, 0, 11, 15, 4, 21, 15, 15, 15, 22, 8, 13],
[15, 14, 13, 13, 11, 0, 4, 11, 13, 7, 7, 5, 12, 4, 6],
[11, 14, 9, 14, 15, 4, 0, 15, 10, 8, 6, 4, 9, 8, 8],
[25, 13, 22, 19, 4, 11, 15, 0, 19, 16, 13, 16, 20, 7, 14],
[14, 9, 7, 24, 21, 13, 10, 19, 0, 18, 6, 14, 3, 14, 17],
[13, 21, 16, 7, 15, 7, 8, 16, 18, 0, 14, 4, 16, 10, 2],
[15, 8, 10, 20, 15, 7, 6, 13, 6, 14, 0, 10, 7, 8, 13],
[11, 18, 12, 10, 15, 5, 4, 16, 14, 4, 10, 0, 13, 9, 4],
[11, 12, 4, 23, 22, 12, 9, 20, 3, 16, 7, 13, 0, 14, 16],
[18, 13, 16, 14, 8, 4, 8, 7, 14, 10, 8, 9, 14, 0, 8],
[15, 20, 16, 7, 13, 6, 8, 14, 17, 2, 13, 4, 16, 8, 0]
   ],
//setup on machine: MAQ 7
[   [0, 9, 22, 12, 19, 24, 19, 3, 6, 12, 13, 14, 4, 7, 12],
[9, 0, 14, 14, 11, 16, 16, 11, 7, 4, 5, 16, 7, 3, 5],
[22, 14, 0, 26, 3, 13, 23, 25, 20, 10, 9, 28, 19, 16, 11],
[12, 14, 26, 0, 23, 20, 10, 11, 7, 18, 19, 2, 15, 11, 19],
[19, 11, 3, 23, 0, 13, 22, 22, 17, 7, 6, 25, 16, 13, 8],
[24, 16, 13, 20, 13, 0, 13, 25, 18, 16, 15, 22, 22, 17, 18],
[19, 16, 23, 10, 22, 13, 0, 19, 13, 19, 19, 10, 21, 15, 21],
[3, 11, 25, 11, 22, 25, 19, 0, 7, 15, 16, 12, 7, 9, 15],
[6, 7, 20, 7, 17, 18, 13, 7, 0, 11, 12, 9, 8, 4, 12],
[12, 4, 10, 18, 7, 16, 19, 15, 11, 0, 1, 20, 9, 7, 2],
[13, 5, 9, 19, 6, 15, 19, 16, 12, 1, 0, 21, 10, 8, 3],
[14, 16, 28, 2, 25, 22, 10, 12, 9, 20, 21, 0, 17, 13, 21],
[4, 7, 19, 15, 16, 22, 21, 7, 8, 9, 10, 17, 0, 6, 8],
[7, 3, 16, 11, 13, 17, 15, 9, 4, 7, 8, 13, 6, 0, 8],
[12, 5, 11, 19, 8, 18, 21, 15, 12, 2, 3, 21, 8, 8, 0]
   ],
//setup on machine: MAQ 8
[   [0, 24, 22, 4, 25, 6, 21, 21, 23, 25, 9, 9, 21, 18, 17],
[24, 0, 4, 20, 17, 21, 21, 3, 5, 11, 17, 21, 22, 23, 9],
[22, 4, 0, 18, 14, 18, 17, 4, 2, 8, 14, 18, 18, 20, 6],
[4, 20, 18, 0, 21, 3, 17, 17, 19, 21, 5, 6, 18, 16, 13],
[25, 17, 14, 21, 0, 19, 7, 18, 12, 7, 16, 17, 7, 11, 11],
[6, 21, 18, 3, 19, 0, 15, 18, 19, 20, 4, 3, 16, 13, 13],
[21, 21, 17, 17, 7, 15, 0, 21, 16, 12, 13, 12, 1, 4, 13],
[21, 3, 4, 17, 18, 18, 21, 0, 6, 12, 15, 19, 22, 22, 8],
[23, 5, 2, 19, 12, 19, 16, 6, 0, 6, 15, 18, 17, 19, 6],
[25, 11, 8, 21, 7, 20, 12, 12, 6, 0, 16, 18, 13, 16, 8],
[9, 17, 14, 5, 16, 4, 13, 15, 15, 16, 0, 4, 14, 12, 9],
[9, 21, 18, 6, 17, 3, 12, 19, 18, 18, 4, 0, 13, 10, 12],
[21, 22, 18, 18, 7, 16, 1, 22, 17, 13, 14, 13, 0, 4, 14],
[18, 23, 20, 16, 11, 13, 4, 22, 19, 16, 12, 10, 4, 0, 14],
[17, 9, 6, 13, 11, 13, 13, 8, 6, 8, 9, 12, 14, 14, 0]
   ],
//setup on machine: MAQ 9
[   [0, 13, 3, 13, 16, 4, 13, 15, 15, 17, 10, 6, 16, 13, 18],
[13, 0, 16, 19, 6, 16, 6, 11, 17, 13, 14, 9, 21, 3, 11],
[3, 16, 0, 12, 19, 2, 15, 16, 15, 18, 10, 8, 15, 16, 20],
[13, 19, 12, 0, 24, 10, 14, 11, 4, 11, 5, 11, 3, 21, 15],
[16, 6, 19, 24, 0, 20, 12, 17, 23, 19, 19, 13, 27, 4, 16],
[4, 16, 2, 10, 20, 0, 14, 15, 13, 16, 8, 7, 13, 16, 19],
[13, 6, 15, 14, 12, 14, 0, 5, 11, 7, 9, 7, 16, 9, 6],
[15, 11, 16, 11, 17, 15, 5, 0, 7, 2, 8, 10, 12, 14, 4],
[15, 17, 15, 4, 23, 13, 11, 7, 0, 7, 5, 11, 5, 19, 11],
[17, 13, 18, 11, 19, 16, 7, 2, 7, 0, 9, 12, 12, 16, 4],
[10, 14, 10, 5, 19, 8, 9, 8, 5, 9, 0, 7, 8, 16, 12],
[6, 9, 8, 11, 13, 7, 7, 10, 11, 12, 7, 0, 14, 10, 13],
[16, 21, 15, 3, 27, 13, 16, 12, 5, 12, 8, 14, 0, 23, 16],
[13, 3, 16, 21, 4, 16, 9, 14, 19, 16, 16, 10, 23, 0, 14],
[18, 11, 20, 15, 16, 19, 6, 4, 11, 4, 12, 13, 16, 14, 0]
   ],
//setup on machine: MAQ 10
[   [0, 7, 4, 16, 11, 15, 9, 8, 21, 21, 9, 12, 13, 6, 3],
[7, 0, 6, 21, 9, 22, 10, 9, 26, 28, 14, 15, 20, 6, 4],
[4, 6, 0, 20, 13, 18, 12, 4, 25, 25, 13, 16, 14, 8, 3],
[16, 21, 20, 0, 15, 15, 12, 23, 7, 10, 7, 7, 21, 15, 18],
[11, 9, 13, 15, 0, 23, 4, 17, 22, 25, 11, 8, 24, 5, 10],
[15, 22, 18, 15, 23, 0, 19, 18, 14, 12, 13, 19, 8, 19, 18],
[9, 10, 12, 12, 4, 19, 0, 16, 18, 21, 7, 5, 21, 4, 9],
[8, 9, 4, 23, 17, 18, 16, 0, 27, 28, 17, 20, 13, 12, 7],
[21, 26, 25, 7, 22, 14, 18, 27, 0, 4, 12, 14, 21, 21, 23],
[21, 28, 25, 10, 25, 12, 21, 28, 4, 0, 14, 17, 20, 23, 24],
[9, 14, 13, 7, 11, 13, 7, 17, 12, 14, 0, 6, 16, 9, 11],
[12, 15, 16, 7, 8, 19, 5, 20, 14, 17, 6, 0, 22, 9, 13],
[13, 20, 14, 21, 24, 8, 21, 13, 21, 20, 16, 22, 0, 19, 16],
[6, 6, 8, 15, 5, 19, 4, 12, 21, 23, 9, 9, 19, 0, 5],
[3, 4, 3, 18, 10, 18, 9, 7, 23, 24, 11, 13, 16, 5, 0]
   ],
//setup on machine: MAQ 11
[   [0, 18, 16, 16, 5, 18, 16, 22, 5, 23, 17, 23, 13, 24, 28],
[18, 0, 6, 13, 13, 5, 4, 4, 13, 23, 10, 10, 8, 18, 20],
[16, 6, 0, 7, 11, 3, 2, 8, 12, 18, 5, 8, 3, 13, 16],
[16, 13, 7, 0, 13, 8, 9, 13, 14, 11, 3, 10, 5, 9, 13],
[5, 13, 11, 13, 0, 14, 11, 17, 1, 23, 14, 19, 9, 22, 26],
[18, 5, 3, 8, 14, 0, 3, 5, 14, 19, 6, 6, 6, 13, 15],
[16, 4, 2, 9, 11, 3, 0, 6, 12, 20, 7, 8, 5, 15, 18],
[22, 4, 8, 13, 17, 5, 6, 0, 17, 23, 11, 7, 11, 17, 18],
[5, 13, 12, 14, 1, 14, 12, 17, 0, 24, 15, 20, 10, 22, 26],
[23, 23, 18, 11, 23, 19, 20, 23, 24, 0, 13, 18, 16, 8, 11],
[17, 10, 5, 3, 14, 6, 7, 11, 15, 13, 0, 7, 5, 8, 12],
[23, 10, 8, 10, 19, 6, 8, 7, 20, 18, 7, 0, 10, 10, 11],
[13, 8, 3, 5, 9, 6, 5, 11, 10, 16, 5, 10, 0, 13, 17],
[24, 18, 13, 9, 22, 13, 15, 17, 22, 8, 8, 10, 13, 0, 4],
[28, 20, 16, 13, 26, 15, 18, 18, 26, 11, 12, 11, 17, 4, 0]
   ],
//setup on machine: MAQ 12
[   [0, 12, 11, 14, 11, 8, 14, 11, 9, 14, 6, 9, 15, 9, 9],
[12, 0, 17, 8, 18, 15, 20, 9, 11, 8, 17, 18, 5, 19, 19],
[11, 17, 0, 23, 21, 19, 24, 10, 7, 13, 14, 4, 22, 17, 18],
[14, 8, 23, 0, 15, 13, 16, 16, 17, 16, 17, 22, 4, 18, 17],
[11, 18, 21, 15, 0, 3, 3, 21, 20, 23, 7, 18, 19, 5, 4],
[8, 15, 19, 13, 3, 0, 6, 18, 17, 20, 6, 16, 16, 6, 5],
[14, 20, 24, 16, 3, 6, 0, 24, 23, 26, 10, 21, 20, 8, 7],
[11, 9, 10, 16, 21, 18, 24, 0, 3, 3, 17, 12, 14, 20, 20],
[9, 11, 7, 17, 20, 17, 23, 3, 0, 6, 15, 9, 16, 17, 18],
[14, 8, 13, 16, 23, 20, 26, 3, 6, 0, 20, 15, 13, 22, 22],
[6, 17, 14, 17, 7, 6, 10, 17, 15, 20, 0, 11, 20, 3, 4],
[9, 18, 4, 22, 18, 16, 21, 12, 9, 15, 11, 0, 22, 14, 15],
[15, 5, 22, 4, 19, 16, 20, 14, 16, 13, 20, 22, 0, 21, 21],
[9, 19, 17, 18, 5, 6, 8, 20, 17, 22, 3, 14, 21, 0, 1],
[9, 19, 18, 17, 4, 5, 7, 20, 18, 22, 4, 15, 21, 1, 0]
   ],
//setup on machine: MAQ 13
[   [0, 4, 16, 13, 16, 3, 15, 19, 14, 11, 8, 10, 19, 12, 14],
[4, 0, 12, 13, 16, 6, 15, 19, 10, 14, 8, 13, 16, 8, 14],
[16, 12, 0, 15, 15, 18, 16, 20, 2, 21, 14, 21, 7, 4, 17],
[13, 13, 15, 0, 3, 16, 2, 6, 14, 9, 6, 9, 12, 14, 2],
[16, 16, 15, 3, 0, 19, 2, 5, 15, 11, 9, 12, 11, 16, 4],
[3, 6, 18, 16, 19, 0, 18, 21, 16, 13, 10, 12, 21, 14, 16],
[15, 15, 16, 2, 2, 18, 0, 4, 16, 9, 8, 10, 13, 16, 2],
[19, 19, 20, 6, 5, 21, 4, 0, 20, 11, 11, 11, 16, 20, 5],
[14, 10, 2, 14, 15, 16, 16, 20, 0, 20, 13, 20, 9, 2, 16],
[11, 14, 21, 9, 11, 13, 9, 11, 20, 0, 7, 1, 20, 19, 7],
[8, 8, 14, 6, 9, 10, 8, 11, 13, 7, 0, 7, 14, 12, 6],
[10, 13, 21, 9, 12, 12, 10, 11, 20, 1, 7, 0, 20, 19, 8],
[19, 16, 7, 12, 11, 21, 13, 16, 9, 20, 14, 20, 0, 10, 14],
[12, 8, 4, 14, 16, 14, 16, 20, 2, 19, 12, 19, 10, 0, 16],
[14, 14, 17, 2, 4, 16, 2, 5, 16, 7, 6, 8, 14, 16, 0]
   ],
//setup on machine: MAQ 14
[   [0, 14, 9, 13, 23, 4, 22, 6, 16, 23, 16, 5, 6, 10, 22],
[14, 0, 5, 11, 14, 15, 14, 19, 8, 10, 6, 16, 14, 10, 10],
[9, 5, 0, 11, 15, 11, 14, 14, 10, 15, 9, 11, 9, 6, 15],
[13, 11, 11, 0, 25, 11, 24, 19, 5, 14, 7, 17, 17, 16, 11],
[23, 14, 15, 25, 0, 26, 1, 24, 22, 19, 20, 21, 19, 13, 22],
[4, 15, 11, 11, 26, 0, 25, 9, 15, 23, 16, 9, 9, 13, 22],
[22, 14, 14, 24, 1, 25, 0, 23, 21, 19, 19, 20, 18, 12, 22],
[6, 19, 14, 19, 24, 9, 23, 0, 22, 28, 22, 3, 5, 11, 28],
[16, 8, 10, 5, 22, 15, 21, 22, 0, 9, 2, 19, 18, 16, 7],
[23, 10, 15, 14, 19, 23, 19, 28, 9, 0, 7, 25, 24, 20, 4],
[16, 6, 9, 7, 20, 16, 19, 22, 2, 7, 0, 19, 18, 15, 6],
[5, 16, 11, 17, 21, 9, 20, 3, 19, 25, 19, 0, 2, 8, 25],
[6, 14, 9, 17, 19, 9, 18, 5, 18, 24, 18, 2, 0, 6, 24],
[10, 10, 6, 16, 13, 13, 12, 11, 16, 20, 15, 8, 6, 0, 20],
[22, 10, 15, 11, 22, 22, 22, 28, 7, 4, 6, 25, 24, 20, 0]
   ],
//setup on machine: MAQ 15
[   [0, 15, 17, 9, 11, 13, 12, 12, 11, 15, 13, 7, 12, 10, 13],
[15, 0, 4, 22, 21, 23, 13, 3, 18, 12, 4, 11, 27, 15, 28],
[17, 4, 0, 25, 21, 23, 16, 6, 21, 16, 8, 14, 29, 19, 30],
[9, 22, 25, 0, 18, 19, 13, 19, 7, 16, 19, 11, 7, 9, 7],
[11, 21, 21, 18, 0, 2, 23, 19, 22, 26, 22, 18, 16, 21, 18],
[13, 23, 23, 19, 2, 0, 25, 21, 23, 27, 23, 19, 16, 23, 18],
[12, 13, 16, 13, 23, 25, 0, 11, 7, 3, 9, 6, 20, 4, 20],
[12, 3, 6, 19, 19, 21, 11, 0, 16, 11, 4, 9, 24, 13, 25],
[11, 18, 21, 7, 22, 23, 7, 16, 0, 9, 14, 7, 14, 3, 14],
[15, 12, 16, 16, 26, 27, 3, 11, 9, 0, 8, 8, 23, 7, 23],
[13, 4, 8, 19, 22, 23, 9, 4, 14, 8, 0, 8, 24, 11, 25],
[7, 11, 14, 11, 18, 19, 6, 9, 7, 8, 8, 0, 16, 5, 17],
[12, 27, 29, 7, 16, 16, 20, 24, 14, 23, 24, 16, 0, 16, 2],
[10, 15, 19, 9, 21, 23, 4, 13, 3, 7, 11, 5, 16, 0, 16],
[13, 28, 30, 7, 18, 18, 20, 25, 14, 23, 25, 17, 2, 16, 0]
   ]
];