// INSTANCIA FGSSP 15x15-01
nbJobs = 15;
nbMchs = 15;

OpDurations = [
[28, 98, 10, 53, 16, 21, 16, 47, 78,  19,  85,   8,  22,  46,  78]
[6, 80, 83, 73, 25, 77, 72, 23, 40,  18,  57,  51,  36,  23,  71]
[16, 47, 81, 68, 85, 32, 85, 86,  9,  58,  78,  65,  56,  38,  81]
[29, 65, 58, 70, 72, 39, 42, 22, 99,  82,  54,  70,  47,  78,  97]
[93, 24, 78,  5, 43, 43, 27, 35, 33,  58,  60,  38,  88,  79,  70]
[19, 36, 48, 82, 11, 48, 16, 63, 42,  75,  55,  42,  72,  15,  67]
[40, 61, 56, 62, 56, 94,  6,  3, 72,  29,  10,  40,  51,  43,  33]
[10, 18, 34, 90, 65, 60, 39, 86, 74,  80,  22,   1,   4,  82,  23]
[41, 18, 76, 19,  2, 27, 33, 55, 60,  51,  56,  82,  25,  80,  47]
[55, 33,  6, 82, 24, 59, 69, 44, 66,  36,  82,  53,  96,  44,  25]
[73, 55, 36,  8, 78,  8, 50, 82,  9,  84,  35,  60,  98,  35,  59]
[44, 66, 77, 51, 59, 28, 48, 17, 44,  86,  26,  38,  23,  20,  39]
[65, 70,  7, 75, 63, 58, 67,  3, 68,  84,  64,  80,  23,  89,  98]
[5, 58, 14, 84, 20, 16, 40, 78, 51,  86,  79,   5,  32,  57,  83]
[21, 94, 41, 79, 65, 88, 40, 13, 72,  91,   4,  26,  23,  86,  17]
];

setup = [
//setup on machine: MAQ 1
[     [0, 16, 16, 8, 21, 24, 17, 13, 10, 21, 22, 25, 17, 21, 15],
[16, 0, 17, 18, 11, 24, 22, 21, 6, 27, 26, 19, 2, 5, 22],
[16, 17, 0, 10, 12, 8, 5, 8, 13, 11, 9, 11, 16, 19, 7],
[8, 18, 10, 0, 19, 17, 10, 5, 12, 13, 14, 21, 18, 22, 7],
[21, 11, 12, 19, 0, 15, 17, 19, 13, 22, 20, 8, 9, 10, 19],
[24, 24, 8, 17, 15, 0, 8, 13, 21, 10, 7, 9, 22, 25, 11],
[17, 22, 5, 10, 17, 8, 0, 6, 17, 6, 5, 14, 21, 24, 4],
[13, 21, 8, 5, 19, 13, 6, 0, 16, 8, 9, 19, 21, 25, 2],
[10, 6, 13, 12, 13, 21, 17, 16, 0, 22, 22, 19, 7, 11, 17],
[21, 27, 11, 13, 22, 10, 6, 8, 22, 0, 3, 18, 26, 30, 6],
[22, 26, 9, 14, 20, 7, 5, 9, 22, 3, 0, 16, 25, 28, 7],
[25, 19, 11, 21, 8, 9, 14, 19, 19, 18, 16, 0, 17, 18, 17],
[17, 2, 16, 18, 9, 22, 21, 21, 7, 26, 25, 17, 0, 4, 21],
[21, 5, 19, 22, 10, 25, 24, 25, 11, 30, 28, 18, 4, 0, 25],
[15, 22, 7, 7, 19, 11, 4, 2, 17, 6, 7, 17, 21, 25, 0]
     ],
     
//setup on machine: MAQ 2
[     [0, 12, 6, 9, 13, 21, 11, 7, 17, 12, 10, 16, 12, 7, 5],
[12, 0, 15, 8, 11, 12, 18, 13, 8, 16, 4, 4, 4, 9, 17],
[6, 15, 0, 15, 18, 21, 5, 4, 22, 8, 15, 19, 13, 7, 6],
[9, 8, 15, 0, 4, 20, 19, 14, 9, 19, 4, 10, 11, 12, 14],
[13, 11, 18, 4, 0, 23, 23, 18, 9, 23, 7, 12, 15, 16, 16],
[21, 12, 21, 20, 23, 0, 20, 17, 17, 16, 16, 12, 9, 14, 25],
[11, 18, 5, 19, 23, 20, 0, 5, 25, 4, 18, 22, 15, 9, 11],
[7, 13, 4, 14, 18, 17, 5, 0, 20, 5, 13, 17, 10, 4, 9],
[17, 8, 22, 9, 9, 17, 25, 20, 0, 23, 7, 5, 12, 16, 22],
[12, 16, 8, 19, 23, 16, 4, 5, 23, 0, 17, 19, 12, 7, 14],
[10, 4, 15, 4, 7, 16, 18, 13, 7, 17, 0, 7, 8, 10, 15],
[16, 4, 19, 10, 12, 12, 22, 17, 5, 19, 7, 0, 8, 13, 21],
[12, 4, 13, 11, 15, 9, 15, 10, 12, 12, 8, 8, 0, 6, 17],
[7, 9, 7, 12, 16, 14, 9, 4, 16, 7, 10, 13, 6, 0, 11],
[5, 17, 6, 14, 16, 25, 11, 9, 22, 14, 15, 21, 17, 11, 0]
     ],
     
//setup on machine: MAQ 3
[     [0, 19, 16, 13, 11, 9, 8, 19, 13, 21, 7, 17, 10, 12, 14],
[19, 0, 24, 9, 9, 13, 15, 9, 13, 9, 14, 4, 10, 12, 8],
[16, 24, 0, 16, 21, 23, 11, 17, 26, 19, 21, 20, 16, 13, 17],
[13, 9, 16, 0, 8, 12, 7, 6, 14, 8, 11, 5, 4, 3, 1],
[11, 9, 21, 8, 0, 4, 10, 13, 6, 15, 5, 9, 6, 10, 8],
[9, 13, 23, 12, 4, 0, 12, 17, 4, 19, 2, 13, 9, 13, 12],
[8, 15, 11, 7, 10, 12, 0, 12, 15, 14, 10, 12, 5, 5, 8],
[19, 9, 17, 6, 13, 17, 12, 0, 19, 2, 17, 5, 9, 7, 5],
[13, 13, 26, 14, 6, 4, 15, 19, 0, 20, 6, 14, 12, 16, 14],
[21, 9, 19, 8, 15, 19, 14, 2, 20, 0, 19, 6, 11, 9, 7],
[7, 14, 21, 11, 5, 2, 10, 17, 6, 19, 0, 14, 8, 12, 12],
[17, 4, 20, 5, 9, 13, 12, 5, 14, 6, 14, 0, 8, 8, 4],
[10, 10, 16, 4, 6, 9, 5, 9, 12, 11, 8, 8, 0, 4, 4],
[12, 12, 13, 3, 10, 13, 5, 7, 16, 9, 12, 8, 4, 0, 4],
[14, 8, 17, 1, 8, 12, 8, 5, 14, 7, 12, 4, 4, 4, 0]
     ],
          
//setup on machine: MAQ 4
[     [0, 9, 18, 15, 7, 16, 18, 3, 4, 6, 8, 11, 9, 18, 17],
[9, 0, 25, 15, 3, 25, 22, 6, 12, 3, 17, 5, 8, 22, 18],
[18, 25, 0, 16, 24, 7, 7, 20, 20, 22, 14, 23, 18, 9, 13],
[15, 15, 16, 0, 16, 20, 10, 14, 19, 14, 18, 10, 7, 8, 4],
[7, 3, 24, 16, 0, 23, 23, 4, 9, 2, 15, 8, 9, 22, 19],
[16, 25, 7, 20, 23, 0, 13, 19, 17, 22, 10, 24, 19, 15, 18],
[18, 22, 7, 10, 23, 13, 0, 19, 21, 21, 17, 19, 14, 2, 7],
[3, 6, 20, 14, 4, 19, 19, 0, 6, 3, 11, 9, 7, 19, 16],
[4, 12, 20, 19, 9, 17, 21, 6, 0, 9, 7, 15, 13, 22, 21],
[6, 3, 22, 14, 2, 22, 21, 3, 9, 0, 14, 6, 7, 20, 17],
[8, 17, 14, 18, 15, 10, 17, 11, 7, 14, 0, 18, 14, 18, 18],
[11, 5, 23, 10, 8, 24, 19, 9, 15, 6, 18, 0, 5, 18, 14],
[9, 8, 18, 7, 9, 19, 14, 7, 13, 7, 14, 5, 0, 14, 10],
[18, 22, 9, 8, 22, 15, 2, 19, 22, 20, 18, 18, 14, 0, 5],
[17, 18, 13, 4, 19, 18, 7, 16, 21, 17, 18, 14, 10, 5, 0]
     ],
     
//setup on machine: MAQ 5
[     [0, 16, 16, 10, 10, 9, 9, 11, 12, 14, 13, 6, 3, 11, 11],
[16, 0, 1, 20, 14, 25, 7, 27, 14, 13, 28, 21, 14, 19, 5],
[16, 1, 0, 19, 14, 25, 8, 27, 13, 14, 28, 21, 14, 20, 5],
[10, 20, 19, 0, 19, 13, 16, 16, 8, 23, 19, 13, 8, 21, 16],
[10, 14, 14, 19, 0, 16, 7, 17, 19, 4, 17, 12, 11, 6, 10],
[9, 25, 25, 13, 16, 0, 18, 3, 19, 20, 6, 4, 11, 13, 20],
[9, 7, 8, 16, 7, 18, 0, 20, 13, 8, 21, 14, 9, 12, 3],
[11, 27, 27, 16, 17, 3, 20, 0, 22, 21, 3, 6, 14, 13, 22],
[12, 14, 13, 8, 19, 19, 13, 22, 0, 21, 25, 17, 9, 22, 12],
[14, 13, 14, 23, 4, 20, 8, 21, 21, 0, 21, 16, 15, 9, 11],
[13, 28, 28, 19, 17, 6, 21, 3, 25, 21, 0, 8, 16, 12, 23],
[6, 21, 21, 13, 12, 4, 14, 6, 17, 16, 8, 0, 9, 10, 16],
[3, 14, 14, 8, 11, 11, 9, 14, 9, 15, 16, 9, 0, 13, 9],
[11, 19, 20, 21, 6, 13, 12, 13, 22, 9, 12, 10, 13, 0, 15],
[11, 5, 5, 16, 10, 20, 3, 22, 12, 11, 23, 16, 9, 15, 0]
     ],
     
//setup on machine: MAQ 6
[     [0, 12, 4, 7, 3, 7, 6, 10, 9, 13, 13, 8, 9, 12, 12],
[12, 0, 11, 6, 10, 17, 14, 16, 21, 3, 17, 20, 4, 4, 21],
[4, 11, 0, 5, 2, 6, 10, 14, 10, 10, 16, 10, 9, 9, 16],
[7, 6, 5, 0, 4, 11, 10, 14, 15, 6, 15, 14, 4, 5, 17],
[3, 10, 2, 4, 0, 8, 8, 12, 11, 10, 14, 10, 7, 9, 14],
[7, 17, 6, 11, 8, 0, 13, 17, 5, 16, 19, 6, 15, 15, 16],
[6, 14, 10, 10, 8, 13, 0, 4, 13, 16, 7, 11, 10, 15, 7],
[10, 16, 14, 14, 12, 17, 4, 0, 16, 18, 3, 14, 12, 18, 6],
[9, 21, 10, 15, 11, 5, 13, 16, 0, 20, 19, 2, 18, 19, 14],
[13, 3, 10, 6, 10, 16, 16, 18, 20, 0, 19, 20, 6, 1, 23],
[13, 17, 16, 15, 14, 19, 7, 3, 19, 19, 0, 17, 13, 19, 8],
[8, 20, 10, 14, 10, 6, 11, 14, 2, 20, 17, 0, 17, 19, 12],
[9, 4, 9, 4, 7, 15, 10, 12, 18, 6, 13, 17, 0, 6, 17],
[12, 4, 9, 5, 9, 15, 15, 18, 19, 1, 19, 19, 6, 0, 22],
[12, 21, 16, 17, 14, 16, 7, 6, 14, 23, 8, 12, 17, 22, 0]
     ],
     
//setup on machine: MAQ 7
[     [0, 6, 18, 6, 13, 16, 8, 11, 6, 10, 14, 12, 12, 9, 10],
[6, 0, 12, 12, 11, 17, 8, 17, 10, 16, 11, 9, 10, 14, 16],
[18, 12, 0, 24, 13, 23, 18, 29, 22, 28, 11, 11, 16, 25, 28],
[6, 12, 24, 0, 19, 19, 10, 5, 4, 4, 20, 18, 15, 8, 4],
[13, 11, 13, 19, 0, 10, 19, 23, 19, 21, 2, 2, 21, 16, 22],
[16, 17, 23, 19, 10, 0, 23, 21, 21, 19, 12, 12, 27, 12, 21],
[8, 8, 18, 10, 19, 23, 0, 14, 6, 14, 19, 17, 5, 16, 12],
[11, 17, 29, 5, 23, 21, 14, 0, 8, 2, 25, 23, 19, 9, 2],
[6, 10, 22, 4, 19, 21, 6, 8, 0, 8, 20, 18, 11, 11, 6],
[10, 16, 28, 4, 21, 19, 14, 2, 8, 0, 23, 21, 19, 7, 3],
[14, 11, 11, 20, 2, 12, 19, 25, 20, 23, 0, 2, 21, 18, 24],
[12, 9, 11, 18, 2, 12, 17, 23, 18, 21, 2, 0, 19, 16, 22],
[12, 10, 16, 15, 21, 27, 5, 19, 11, 19, 21, 19, 0, 21, 17],
[9, 14, 25, 8, 16, 12, 16, 9, 11, 7, 18, 16, 21, 0, 9],
[10, 16, 28, 4, 22, 21, 12, 2, 6, 3, 24, 22, 17, 9, 0]
     ],
     
//setup on machine: MAQ 8
[     [0, 13, 7, 10, 16, 10, 10, 16, 12, 12, 12, 6, 6, 9, 15],
[13, 0, 7, 3, 21, 3, 14, 8, 9, 1, 10, 11, 18, 5, 12],
[7, 7, 0, 4, 16, 4, 12, 9, 11, 6, 7, 8, 12, 2, 10],
[10, 3, 4, 0, 19, 1, 13, 8, 9, 2, 9, 9, 15, 2, 11],
[16, 21, 16, 19, 0, 20, 25, 17, 26, 20, 12, 22, 19, 17, 12],
[10, 3, 4, 1, 20, 0, 12, 9, 8, 3, 9, 8, 15, 3, 12],
[10, 14, 12, 13, 25, 12, 0, 21, 6, 14, 19, 4, 9, 13, 22],
[16, 8, 9, 8, 17, 9, 21, 0, 17, 7, 5, 17, 21, 8, 5],
[12, 9, 11, 9, 26, 8, 6, 17, 0, 10, 17, 6, 14, 10, 20],
[12, 1, 6, 2, 20, 3, 14, 7, 10, 0, 9, 11, 17, 4, 11],
[12, 10, 7, 9, 12, 9, 19, 5, 17, 9, 0, 15, 18, 7, 3],
[6, 11, 8, 9, 22, 8, 4, 17, 6, 11, 15, 0, 8, 9, 18],
[6, 18, 12, 15, 19, 15, 9, 21, 14, 17, 18, 8, 0, 14, 21],
[9, 5, 2, 2, 17, 3, 13, 8, 10, 4, 7, 9, 14, 0, 10],
[15, 12, 10, 11, 12, 12, 22, 5, 20, 11, 3, 18, 21, 10, 0]
     ],
     
//setup on machine: MAQ 9
[     [0, 13, 9, 13, 11, 20, 16, 16, 9, 3, 15, 9, 19, 20, 4],
[13, 0, 21, 16, 4, 16, 10, 18, 18, 16, 21, 9, 22, 26, 9],
[9, 21, 0, 13, 18, 22, 20, 15, 5, 7, 12, 14, 18, 16, 12],
[13, 16, 13, 0, 12, 9, 9, 3, 8, 15, 6, 7, 7, 11, 12],
[11, 4, 18, 12, 0, 13, 7, 15, 15, 14, 18, 6, 18, 23, 7],
[20, 16, 22, 9, 13, 0, 6, 9, 17, 23, 14, 11, 10, 17, 17],
[16, 10, 20, 9, 7, 6, 0, 11, 16, 19, 15, 7, 13, 19, 13],
[16, 18, 15, 3, 15, 9, 11, 0, 10, 17, 5, 9, 4, 9, 15],
[9, 18, 5, 8, 15, 17, 16, 10, 0, 9, 7, 10, 13, 12, 11],
[3, 16, 7, 15, 14, 23, 19, 17, 9, 0, 16, 12, 21, 21, 7],
[15, 21, 12, 6, 18, 14, 15, 5, 7, 16, 0, 12, 6, 5, 16],
[9, 9, 14, 7, 6, 11, 7, 9, 10, 12, 12, 0, 13, 17, 7],
[19, 22, 18, 7, 18, 10, 13, 4, 13, 21, 6, 13, 0, 7, 19],
[20, 26, 16, 11, 23, 17, 19, 9, 12, 21, 5, 17, 7, 0, 21],
[4, 9, 12, 12, 7, 17, 13, 15, 11, 7, 16, 7, 19, 21, 0]
     ],
     
//setup on machine: MAQ 10
[     [0, 7, 13, 17, 10, 8, 14, 12, 12, 3, 7, 8, 1, 5, 7],
[7, 0, 9, 21, 16, 10, 19, 5, 5, 9, 14, 15, 7, 3, 13],
[13, 9, 0, 20, 23, 9, 19, 7, 8, 13, 20, 19, 12, 11, 15],
[17, 21, 20, 0, 20, 12, 3, 25, 25, 14, 18, 13, 16, 21, 10],
[10, 16, 23, 20, 0, 17, 17, 21, 21, 10, 3, 7, 11, 14, 11],
[8, 10, 9, 12, 17, 0, 10, 13, 14, 7, 14, 11, 7, 11, 7],
[14, 19, 19, 3, 17, 10, 0, 23, 24, 11, 15, 10, 13, 19, 7],
[12, 5, 7, 25, 21, 13, 23, 0, 1, 14, 19, 20, 12, 8, 17],
[12, 5, 8, 25, 21, 14, 24, 1, 0, 14, 18, 20, 12, 7, 18],
[3, 9, 13, 14, 10, 7, 11, 14, 14, 0, 7, 6, 2, 8, 4],
[7, 14, 20, 18, 3, 14, 15, 19, 18, 7, 0, 5, 8, 11, 9],
[8, 15, 19, 13, 7, 11, 10, 20, 20, 6, 5, 0, 8, 13, 5],
[1, 7, 12, 16, 11, 7, 13, 12, 12, 2, 8, 8, 0, 6, 6],
[5, 3, 11, 21, 14, 11, 19, 8, 7, 8, 11, 13, 6, 0, 12],
[7, 13, 15, 10, 11, 7, 7, 17, 18, 4, 9, 5, 6, 12, 0]
     ],
     
//setup on machine: MAQ 11
[     [0, 17, 13, 5, 2, 4, 13, 4, 7, 21, 5, 11, 22, 9, 15],
[17, 0, 12, 18, 15, 15, 24, 13, 10, 7, 14, 17, 18, 12, 25],
[13, 12, 0, 10, 11, 9, 14, 12, 10, 12, 15, 5, 9, 17, 13],
[5, 18, 10, 0, 5, 3, 8, 8, 9, 21, 10, 7, 18, 14, 10],
[2, 15, 11, 5, 0, 2, 13, 3, 5, 19, 5, 10, 20, 9, 15],
[4, 15, 9, 3, 2, 0, 11, 5, 6, 19, 7, 8, 18, 11, 13],
[13, 24, 14, 8, 13, 11, 0, 16, 17, 26, 18, 9, 18, 22, 3],
[4, 13, 12, 8, 3, 5, 16, 0, 3, 18, 3, 12, 21, 6, 18],
[7, 10, 10, 9, 5, 6, 17, 3, 0, 15, 5, 11, 19, 7, 18],
[21, 7, 12, 21, 19, 19, 26, 18, 15, 0, 20, 17, 14, 19, 25],
[5, 14, 15, 10, 5, 7, 18, 3, 5, 20, 0, 15, 24, 4, 20],
[11, 17, 5, 7, 10, 8, 9, 12, 11, 17, 15, 0, 11, 18, 9],
[22, 18, 9, 18, 20, 18, 18, 21, 19, 14, 24, 11, 0, 26, 16],
[9, 12, 17, 14, 9, 11, 22, 6, 7, 19, 4, 18, 26, 0, 24],
[15, 25, 13, 10, 15, 13, 3, 18, 18, 25, 20, 9, 16, 24, 0]
     ],
     
//setup on machine: MAQ 12
[     [0, 23, 24, 22, 19, 18, 13, 12, 14, 15, 3, 5, 13, 17, 16],
[23, 0, 3, 4, 11, 8, 23, 11, 21, 11, 21, 22, 17, 10, 12],
[24, 3, 0, 2, 14, 7, 22, 12, 24, 13, 22, 22, 16, 12, 11],
[22, 4, 2, 0, 14, 5, 20, 11, 23, 12, 21, 20, 14, 12, 9],
[19, 11, 14, 14, 0, 14, 25, 10, 11, 4, 16, 20, 20, 3, 17],
[18, 8, 7, 5, 14, 0, 15, 7, 21, 11, 16, 15, 9, 12, 4],
[13, 23, 22, 20, 25, 15, 0, 15, 26, 21, 15, 8, 6, 22, 11],
[12, 11, 12, 11, 10, 7, 15, 0, 14, 6, 10, 11, 10, 7, 8],
[14, 21, 24, 23, 11, 21, 26, 14, 0, 11, 11, 18, 22, 12, 22],
[15, 11, 13, 12, 4, 11, 21, 6, 11, 0, 12, 16, 16, 2, 13],
[3, 21, 22, 21, 16, 16, 15, 10, 11, 12, 0, 7, 13, 14, 15],
[5, 22, 22, 20, 20, 15, 8, 11, 18, 16, 7, 0, 8, 17, 12],
[13, 17, 16, 14, 20, 9, 6, 10, 22, 16, 13, 8, 0, 17, 5],
[17, 10, 12, 12, 3, 12, 22, 7, 12, 2, 14, 17, 17, 0, 14],
[16, 12, 11, 9, 17, 4, 11, 8, 22, 13, 15, 12, 5, 14, 0]
     ],
     
//setup on machine: MAQ 13
[     [0, 6, 8, 7, 17, 9, 17, 11, 20, 15, 11, 18, 9, 9, 8],
[6, 0, 9, 12, 23, 14, 23, 17, 22, 18, 17, 21, 4, 13, 6],
[8, 9, 0, 6, 18, 13, 18, 15, 13, 9, 11, 12, 8, 17, 4],
[7, 12, 6, 0, 12, 7, 12, 9, 15, 9, 5, 11, 13, 13, 10],
[17, 23, 18, 12, 0, 9, 1, 7, 22, 15, 8, 15, 25, 17, 22],
[9, 14, 13, 7, 9, 0, 10, 3, 22, 15, 7, 17, 17, 8, 16],
[17, 23, 18, 12, 1, 10, 0, 8, 21, 14, 7, 14, 25, 18, 22],
[11, 17, 15, 9, 7, 3, 8, 0, 23, 16, 7, 17, 20, 10, 18],
[20, 22, 13, 15, 22, 22, 21, 23, 0, 7, 16, 7, 19, 28, 16],
[15, 18, 9, 9, 15, 15, 14, 16, 7, 0, 9, 3, 17, 22, 13],
[11, 17, 11, 5, 8, 7, 7, 7, 16, 9, 0, 10, 18, 15, 15],
[18, 21, 12, 11, 15, 17, 14, 17, 7, 3, 10, 0, 20, 24, 16],
[9, 4, 8, 13, 25, 17, 25, 20, 19, 17, 18, 20, 0, 17, 4],
[9, 13, 17, 13, 17, 8, 18, 10, 28, 22, 15, 24, 17, 0, 17],
[8, 6, 4, 10, 22, 16, 22, 18, 16, 13, 15, 16, 4, 17, 0]
     ],
     
//setup on machine: MAQ 14
[     [0, 5, 6, 8, 20, 13, 2, 2, 5, 19, 16, 2, 2, 3, 19],
[5, 0, 1, 5, 15, 12, 4, 5, 3, 14, 11, 3, 7, 3, 15],
[6, 1, 0, 4, 14, 13, 4, 6, 4, 13, 10, 4, 8, 4, 15],
[8, 5, 4, 0, 15, 17, 6, 9, 8, 12, 10, 7, 10, 8, 17],
[20, 15, 14, 15, 0, 17, 18, 19, 15, 7, 6, 18, 22, 17, 6],
[13, 12, 13, 17, 17, 0, 14, 11, 9, 21, 18, 12, 14, 11, 13],
[2, 4, 4, 6, 18, 14, 0, 4, 5, 17, 14, 2, 4, 3, 18],
[2, 5, 6, 9, 19, 11, 4, 0, 4, 19, 16, 2, 3, 2, 18],
[5, 3, 4, 8, 15, 9, 5, 4, 0, 15, 12, 3, 7, 2, 14],
[19, 14, 13, 12, 7, 21, 17, 19, 15, 0, 3, 17, 21, 17, 12],
[16, 11, 10, 10, 6, 18, 14, 16, 12, 3, 0, 14, 18, 14, 10],
[2, 3, 4, 7, 18, 12, 2, 2, 3, 17, 14, 0, 4, 1, 17],
[2, 7, 8, 10, 22, 14, 4, 3, 7, 21, 18, 4, 0, 5, 21],
[3, 3, 4, 8, 17, 11, 3, 2, 2, 17, 14, 1, 5, 0, 16],
[19, 15, 15, 17, 6, 13, 18, 18, 14, 12, 10, 17, 21, 16, 0]
     ],

//setup on machine: MAQ 15
[     [0, 2, 11, 8, 13, 11, 9, 20, 14, 14, 12, 4, 8, 12, 11],
[2, 0, 11, 6, 11, 13, 9, 18, 12, 12, 12, 6, 6, 13, 9],
[11, 11, 0, 9, 16, 5, 3, 16, 20, 14, 1, 13, 17, 3, 17],
[8, 6, 9, 0, 8, 12, 6, 13, 12, 7, 8, 11, 9, 11, 9],
[13, 11, 16, 8, 0, 20, 14, 11, 5, 4, 16, 16, 9, 19, 4],
[11, 13, 5, 12, 20, 0, 6, 21, 23, 18, 6, 12, 19, 2, 20],
[9, 9, 3, 6, 14, 6, 0, 16, 18, 12, 3, 11, 14, 5, 15],
[20, 18, 16, 13, 11, 21, 16, 0, 16, 7, 15, 24, 19, 19, 15],
[14, 12, 20, 12, 5, 23, 18, 16, 0, 9, 20, 17, 7, 23, 3],
[14, 12, 14, 7, 4, 18, 12, 7, 9, 0, 13, 18, 12, 17, 8],
[12, 12, 1, 8, 16, 6, 3, 15, 20, 13, 0, 14, 17, 4, 17],
[4, 6, 13, 11, 16, 12, 11, 24, 17, 18, 14, 0, 10, 13, 14],
[8, 6, 17, 9, 9, 19, 14, 19, 7, 12, 17, 10, 0, 19, 5],
[12, 13, 3, 11, 19, 2, 5, 19, 23, 17, 4, 13, 19, 0, 20],
[11, 9, 17, 9, 4, 20, 15, 15, 3, 8, 17, 14, 5, 20, 0]
     ]
];