// INSTANCIA 10X10-04
nbJobs = 10;
nbMchs = 10;

OpDurations = [
[8, 61, 19, 50, 16, 69, 91, 44, 61, 59]
[24, 84, 98, 83, 60, 13, 35, 40, 81, 26]
[53, 83, 27, 93, 70, 95, 12, 29, 44, 48]
[91, 35, 15, 18, 55, 50, 29, 97, 39, 84]
[86, 41, 97, 7, 30, 75, 15, 20, 33, 51]
[48, 21, 42, 98, 22, 7, 3, 5, 26, 40]
[16, 4, 29, 59, 52, 46, 22, 67, 79, 45]
[45, 94, 22, 36, 74, 37, 76, 19, 94, 7]
[11, 83, 97, 37, 34, 67, 55, 25, 32, 35]
[81, 71, 56, 89, 33, 1, 15, 53, 72, 50]
];

setup = [
//setup on machine: MAQ 1
[   [0, 5, 23, 19, 5, 27, 27, 13, 9, 17],
[5, 0, 24, 15, 6, 28, 25, 15, 5, 16],
[23, 24, 0, 30, 18, 6, 18, 10, 22, 12],
[19, 15, 30, 0, 18, 30, 21, 24, 11, 18],
[5, 6, 18, 18, 0, 22, 22, 9, 7, 12],
[27, 28, 6, 30, 22, 0, 14, 15, 25, 13],
[27, 25, 18, 21, 22, 14, 0, 21, 21, 11],
[13, 15, 10, 24, 9, 15, 21, 0, 14, 10],
[9, 5, 22, 11, 7, 25, 21, 14, 0, 12],
[17, 16, 12, 18, 12, 13, 11, 10, 12, 0]
   ],
//setup on machine: MAQ 2
[   [0, 4, 22, 18, 3, 11, 17, 23, 9, 19],
[4, 0, 25, 19, 3, 15, 21, 25, 11, 22],
[22, 25, 0, 11, 22, 25, 15, 2, 14, 9],
[18, 19, 11, 0, 16, 26, 21, 13, 11, 16],
[3, 3, 22, 16, 0, 14, 19, 23, 9, 20],
[11, 15, 25, 26, 14, 0, 14, 25, 15, 18],
[17, 21, 15, 21, 19, 14, 0, 13, 12, 6],
[23, 25, 2, 13, 23, 25, 13, 0, 14, 7],
[9, 11, 14, 11, 9, 15, 12, 14, 0, 11],
[19, 22, 9, 16, 20, 18, 6, 7, 11, 0]
   ],
//setup on machine: MAQ 3
[   [0, 15, 2, 14, 26, 14, 8, 11, 7, 6],
[15, 0, 15, 24, 15, 20, 21, 8, 17, 12],
[2, 15, 0, 16, 27, 16, 9, 10, 9, 5],
[14, 24, 16, 0, 28, 6, 7, 24, 8, 20],
[26, 15, 27, 28, 0, 22, 29, 23, 24, 26],
[14, 20, 16, 6, 22, 0, 10, 21, 7, 19],
[8, 21, 9, 7, 29, 10, 0, 19, 5, 14],
[11, 8, 10, 24, 23, 21, 19, 0, 16, 5],
[7, 17, 9, 8, 24, 7, 5, 16, 0, 13],
[6, 12, 5, 20, 26, 19, 14, 5, 13, 0]
   ],
//setup on machine: MAQ 4
[   [0, 20, 25, 14, 25, 13, 26, 18, 14, 19],
[20, 0, 22, 9, 17, 9, 9, 27, 6, 22],
[25, 22, 0, 16, 6, 16, 17, 14, 20, 8],
[14, 9, 16, 0, 13, 1, 12, 18, 4, 14],
[25, 17, 6, 13, 0, 14, 11, 19, 17, 13],
[13, 9, 16, 1, 14, 0, 13, 18, 4, 14],
[26, 9, 17, 12, 11, 13, 0, 27, 12, 21],
[18, 27, 14, 18, 19, 18, 27, 0, 22, 6],
[14, 6, 20, 4, 17, 4, 12, 22, 0, 18],
[19, 22, 8, 14, 13, 14, 21, 6, 18, 0]
   ],
//setup on machine: MAQ 5
[   [0, 13, 30, 24, 14, 25, 7, 29, 25, 13],
[13, 0, 24, 18, 6, 25, 6, 22, 13, 1],
[30, 24, 0, 6, 18, 13, 28, 2, 16, 24],
[24, 18, 6, 0, 12, 11, 22, 5, 14, 19],
[14, 6, 18, 12, 0, 19, 10, 16, 11, 7],
[25, 25, 13, 11, 19, 0, 26, 14, 25, 26],
[7, 6, 28, 22, 10, 26, 0, 26, 19, 6],
[29, 22, 2, 5, 16, 14, 26, 0, 14, 23],
[25, 13, 16, 14, 11, 25, 19, 14, 0, 14],
[13, 1, 24, 19, 7, 26, 6, 23, 14, 0]
   ],
//setup on machine: MAQ 6
[   [0, 12, 23, 17, 10, 19, 22, 20, 2, 18],
[12, 0, 26, 10, 22, 19, 22, 13, 11, 10],
[23, 26, 0, 19, 21, 8, 7, 19, 22, 20],
[17, 10, 19, 0, 24, 11, 13, 3, 15, 1],
[10, 22, 21, 24, 0, 21, 23, 26, 11, 25],
[19, 19, 8, 11, 21, 0, 3, 11, 17, 12],
[22, 22, 7, 13, 23, 3, 0, 12, 20, 14],
[20, 13, 19, 3, 26, 11, 12, 0, 18, 3],
[2, 11, 22, 15, 11, 17, 20, 18, 0, 16],
[18, 10, 20, 1, 25, 12, 14, 3, 16, 0]
   ],
//setup on machine: MAQ 7
[   [0, 26, 2, 26, 25, 21, 5, 16, 23, 22],
[26, 0, 24, 11, 6, 20, 25, 13, 6, 6],
[2, 24, 0, 25, 23, 20, 6, 15, 21, 21],
[26, 11, 25, 0, 17, 11, 23, 10, 16, 6],
[25, 6, 23, 17, 0, 24, 25, 16, 2, 11],
[21, 20, 20, 11, 24, 0, 16, 9, 22, 14],
[5, 25, 6, 23, 25, 16, 0, 13, 23, 20],
[16, 13, 15, 10, 16, 9, 13, 0, 14, 7],
[23, 6, 21, 16, 2, 22, 23, 14, 0, 10],
[22, 6, 21, 6, 11, 14, 20, 7, 10, 0]
   ],
//setup on machine: MAQ 8
[   [0, 15, 14, 16, 17, 3, 9, 9, 8, 7],
[15, 0, 29, 13, 16, 13, 20, 16, 22, 21],
[14, 29, 0, 27, 27, 17, 14, 17, 10, 9],
[16, 13, 27, 0, 3, 16, 14, 10, 24, 18],
[17, 16, 27, 3, 0, 18, 13, 10, 25, 18],
[3, 13, 17, 16, 18, 0, 12, 11, 9, 10],
[9, 20, 14, 14, 13, 12, 0, 4, 14, 6],
[9, 16, 17, 10, 10, 11, 4, 0, 15, 8],
[8, 22, 10, 24, 25, 9, 14, 15, 0, 9],
[7, 21, 9, 18, 18, 10, 6, 8, 9, 0]
   ],
//setup on machine: MAQ 9
[   [0, 9, 14, 8, 18, 6, 2, 11, 18, 17],
[9, 0, 19, 2, 16, 12, 8, 3, 14, 25],
[14, 19, 0, 19, 13, 8, 13, 19, 16, 8],
[8, 2, 19, 0, 17, 11, 6, 5, 16, 24],
[18, 16, 13, 17, 0, 13, 16, 14, 4, 21],
[6, 12, 8, 11, 13, 0, 6, 12, 14, 13],
[2, 8, 13, 6, 16, 6, 0, 9, 16, 18],
[11, 3, 19, 5, 14, 12, 9, 0, 12, 25],
[18, 14, 16, 16, 4, 14, 16, 12, 0, 24],
[17, 25, 8, 24, 21, 13, 18, 25, 24, 0]
   ],
//setup on machine: MAQ 10
[   [0, 7, 17, 19, 17, 10, 12, 6, 14, 14],
[7, 0, 22, 26, 22, 14, 19, 10, 18, 14],
[17, 22, 0, 19, 26, 9, 15, 21, 25, 30],
[19, 26, 19, 0, 13, 21, 8, 18, 14, 24],
[17, 22, 26, 13, 0, 24, 11, 12, 4, 13],
[10, 14, 9, 21, 24, 0, 15, 16, 22, 24],
[12, 19, 15, 8, 11, 15, 0, 11, 11, 18],
[6, 10, 21, 18, 12, 16, 11, 0, 9, 9],
[14, 18, 25, 14, 4, 22, 11, 9, 0, 10],
[14, 14, 30, 24, 13, 24, 18, 9, 10, 0]
   ]
];