// INSTANCIA 7X7-02
nbJobs = 7;
nbMchs = 7;

OpDurations = [
[76, 9, 82, 89, 4, 86, 65]
[97, 84, 97, 20, 92, 10, 33]
[9, 7, 77, 62, 75, 78, 57]
[4, 3, 15, 83, 87, 11, 22]
[93, 17, 35, 72, 33, 56, 84]
[97, 96, 33, 56, 58, 40, 48]
[64, 90, 97, 61, 22, 9, 69]
];

setup = [
//setup on machine: MAQ 1
[   [0, 1, 6, 26, 15, 13, 9],
[1, 0, 5, 25, 14, 13, 9],
[6, 5, 0, 27, 14, 18, 14],
[26, 25, 27, 0, 13, 21, 25],
[15, 14, 14, 13, 0, 17, 17],
[13, 13, 18, 21, 17, 0, 6],
[9, 9, 14, 25, 17, 6, 0]
   ],
//setup on machine: MAQ 2
[   [0, 6, 24, 21, 9, 5, 4],
[6, 0, 24, 24, 7, 10, 5],
[24, 24, 0, 10, 17, 22, 27],
[21, 24, 10, 0, 18, 17, 25],
[9, 7, 17, 18, 0, 10, 11],
[5, 10, 22, 17, 10, 0, 9],
[4, 5, 27, 25, 11, 9, 0]
   ],
//setup on machine: MAQ 3
[   [0, 7, 15, 26, 24, 20, 9],
[7, 0, 16, 19, 18, 16, 9],
[15, 16, 0, 26, 18, 11, 7],
[26, 19, 26, 0, 9, 16, 21],
[24, 18, 18, 9, 0, 7, 16],
[20, 16, 11, 16, 7, 0, 11],
[9, 9, 7, 21, 16, 11, 0]
   ],
//setup on machine: MAQ 4
[   [0, 26, 19, 25, 14, 7, 4],
[26, 0, 24, 3, 14, 25, 30],
[19, 24, 0, 21, 14, 25, 23],
[25, 3, 21, 0, 12, 24, 28],
[14, 14, 14, 12, 0, 15, 17],
[7, 25, 25, 24, 15, 0, 7],
[4, 30, 23, 28, 17, 7, 0]
   ],
//setup on machine: MAQ 5
[   [0, 17, 3, 10, 21, 21, 9],
[17, 0, 16, 18, 5, 26, 20],
[3, 16, 0, 13, 20, 24, 12],
[10, 18, 13, 0, 20, 11, 3],
[21, 5, 20, 20, 0, 26, 22],
[21, 26, 24, 11, 26, 0, 13],
[9, 20, 12, 3, 22, 13, 0]
   ],
//setup on machine: MAQ 6
[   [0, 14, 18, 17, 10, 19, 9],
[14, 0, 30, 26, 7, 14, 18],
[18, 30, 0, 8, 24, 28, 13],
[17, 26, 8, 0, 19, 21, 8],
[10, 7, 24, 19, 0, 10, 11],
[19, 14, 28, 21, 10, 0, 16],
[9, 18, 13, 8, 11, 16, 0]
   ],
//setup on machine: MAQ 7
[   [0, 18, 19, 13, 15, 5, 21],
[18, 0, 15, 14, 23, 16, 16],
[19, 15, 0, 6, 12, 21, 2],
[13, 14, 6, 0, 9, 15, 8],
[15, 23, 12, 9, 0, 19, 13],
[5, 16, 21, 15, 19, 0, 23],
[21, 16, 2, 8, 13, 23, 0]
   ]
];