nbJobs = 4;
nbMchs = 4;

OpDurations = [
[97, 4, 40, 1]
[36, 49, 52, 75]
[53, 63, 27, 70]
[16, 16, 92, 33]
];

setup = [

// INSTANCIA 04X04-10
//setup on machine: MAQ 1
[   [0, 15, 23, 21],
[15, 0, 25, 13],
[23, 25, 0, 14],
[21, 13, 14, 0]
   ],
//setup on machine: MAQ 2
[   [0, 17, 10, 12],
[17, 0, 7, 15],
[10, 7, 0, 11],
[12, 15, 11, 0]
   ],
//setup on machine: MAQ 3
[   [0, 9, 8, 5],
[9, 0, 4, 5],
[8, 4, 0, 7],
[5, 5, 7, 0]
   ],
//setup on machine: MAQ 4
[   [0, 17, 27, 19],
[17, 0, 11, 23],
[27, 11, 0, 28],
[19, 23, 28, 0]
   ]
];
