// INSTANCIA FGSSP 15x15-07
nbJobs = 15;
nbMchs = 15;

OpDurations = [
[83, 15, 91, 23,  7, 83, 91,  4, 65,  16,  43,  89,  78,   8,  62]
[1, 25, 34, 93, 79, 28, 82, 28, 30,  70,  89,  40,  44,  77,   3]
[94, 27, 13, 42, 12,  7, 91, 18, 34,  90,  13,  43,  94,  89,  19]
[90, 37, 38, 49, 77, 75, 27, 88, 13,  61,  96,  81,  54,  17,  33]
[38, 81, 73,  6,  3,  3, 61, 54, 12,  49,  96,  59,  32,  20,   3]
[87, 34, 46, 10, 15, 46, 67, 57,  9,  24,  32,  83,  39,  22,  55]
[48, 85, 92, 89, 40, 81, 77, 24, 43,  21,  76,  47,   3,  44,  73]
[34, 62, 90, 41,  3, 64, 12, 91, 28,  12,  13,  74,  75,  26,  54]
[1, 42, 33, 46, 57, 10, 78, 21, 27,  72,  33,   4,  50,  47,  40]
[2, 64, 37, 27, 11, 88, 80, 29, 86,  59,  79,   7,  51,  93,  29]
[84, 78, 26, 74, 38, 87, 25, 27, 86,  61,  26,  43,  81,   2,  73]
[67, 87, 55, 56, 97, 14, 95, 73,  8,  41,  82,  17,   1,  84,  77]
[93, 24, 19, 55, 69, 50, 10, 20, 72,  40,  87,  61,  64,   6,   1]
[48, 16, 65, 40, 66, 67, 49, 48, 61,  48,  52,  93,  49,  88,  22]
[99, 49, 62, 50, 13, 97, 46, 92, 91,  28,  38,  61,  37,  90,  19]
];

setup = [
//setup on machine: MAQ 1
[   [0, 20, 7, 13, 13, 21, 10, 6, 10, 1, 20, 16, 6, 15, 13],
[20, 0, 17, 9, 16, 6, 10, 25, 16, 21, 1, 17, 17, 16, 14],
[7, 17, 0, 13, 17, 20, 9, 10, 14, 8, 17, 20, 1, 8, 6],
[13, 9, 13, 0, 7, 9, 4, 19, 7, 13, 9, 9, 12, 17, 14],
[13, 16, 17, 7, 0, 13, 10, 19, 3, 13, 15, 3, 16, 23, 20],
[21, 6, 20, 9, 13, 0, 12, 27, 14, 22, 5, 13, 20, 21, 19],
[10, 10, 9, 4, 10, 12, 0, 16, 9, 11, 10, 13, 8, 13, 10],
[6, 25, 10, 19, 19, 27, 16, 0, 16, 6, 26, 22, 9, 17, 16],
[10, 16, 14, 7, 3, 14, 9, 16, 0, 10, 16, 6, 13, 21, 18],
[1, 21, 8, 13, 13, 22, 11, 6, 10, 0, 21, 16, 7, 16, 14],
[20, 1, 17, 9, 15, 5, 10, 26, 16, 21, 0, 16, 17, 17, 15],
[16, 17, 20, 9, 3, 13, 13, 22, 6, 16, 16, 0, 19, 25, 23],
[6, 17, 1, 12, 16, 20, 8, 9, 13, 7, 17, 19, 0, 9, 7],
[15, 16, 8, 17, 23, 21, 13, 17, 21, 16, 17, 25, 9, 0, 3],
[13, 14, 6, 14, 20, 19, 10, 16, 18, 14, 15, 23, 7, 3, 0]
   ],
   
//setup on machine: MAQ 2
[   [0, 12, 15, 4, 19, 22, 18, 16, 9, 23, 17, 20, 4, 10, 18],
[12, 0, 4, 9, 23, 13, 23, 18, 14, 21, 17, 17, 11, 13, 7],
[15, 4, 0, 11, 23, 10, 23, 17, 14, 19, 16, 15, 13, 13, 3],
[4, 9, 11, 0, 19, 18, 18, 14, 8, 21, 15, 17, 3, 8, 14],
[19, 23, 23, 19, 0, 21, 2, 6, 11, 10, 8, 11, 16, 11, 24],
[22, 13, 10, 18, 21, 0, 22, 16, 17, 13, 13, 10, 18, 15, 8],
[18, 23, 23, 18, 2, 22, 0, 6, 10, 12, 9, 13, 15, 11, 24],
[16, 18, 17, 14, 6, 16, 6, 0, 7, 8, 3, 7, 12, 6, 18],
[9, 14, 14, 8, 11, 17, 10, 7, 0, 14, 8, 12, 5, 2, 16],
[23, 21, 19, 21, 10, 13, 12, 8, 14, 0, 6, 4, 19, 13, 18],
[17, 17, 16, 15, 8, 13, 9, 3, 8, 6, 0, 4, 13, 7, 16],
[20, 17, 15, 17, 11, 10, 13, 7, 12, 4, 4, 0, 16, 10, 15],
[4, 11, 13, 3, 16, 18, 15, 12, 5, 19, 13, 16, 0, 6, 15],
[10, 13, 13, 8, 11, 15, 11, 6, 2, 13, 7, 10, 6, 0, 14],
[18, 7, 3, 14, 24, 8, 24, 18, 16, 18, 16, 15, 15, 14, 0]
   ],
   
//setup on machine: MAQ 3
[   [0, 21, 6, 6, 9, 22, 17, 12, 22, 18, 10, 5, 10, 24, 20],
[21, 0, 21, 16, 21, 7, 12, 18, 8, 8, 14, 16, 12, 5, 4],
[6, 21, 0, 10, 3, 23, 13, 17, 24, 15, 7, 8, 9, 22, 18],
[6, 16, 10, 0, 13, 16, 16, 7, 16, 15, 10, 3, 8, 20, 16],
[9, 21, 3, 13, 0, 25, 12, 20, 25, 15, 7, 10, 10, 22, 18],
[22, 7, 23, 16, 25, 0, 18, 15, 1, 14, 18, 17, 15, 12, 11],
[17, 12, 13, 16, 12, 18, 0, 21, 19, 4, 7, 13, 8, 11, 8],
[12, 18, 17, 7, 20, 15, 21, 0, 15, 20, 16, 10, 14, 23, 20],
[22, 8, 24, 16, 25, 1, 19, 15, 0, 15, 19, 17, 16, 13, 12],
[18, 8, 15, 15, 15, 14, 4, 20, 15, 0, 8, 13, 8, 8, 4],
[10, 14, 7, 10, 7, 18, 7, 16, 19, 8, 0, 7, 3, 15, 11],
[5, 16, 8, 3, 10, 17, 13, 10, 17, 13, 7, 0, 6, 19, 15],
[10, 12, 9, 8, 10, 15, 8, 14, 16, 8, 3, 6, 0, 14, 10],
[24, 5, 22, 20, 22, 12, 11, 23, 13, 8, 15, 19, 14, 0, 4],
[20, 4, 18, 16, 18, 11, 8, 20, 12, 4, 11, 15, 10, 4, 0]
   ],
   
//setup on machine: MAQ 4
[   [0, 2, 13, 10, 23, 10, 16, 17, 17, 24, 9, 13, 8, 8, 3],
[2, 0, 11, 9, 21, 9, 14, 15, 16, 22, 7, 13, 7, 8, 2],
[13, 11, 0, 3, 16, 11, 19, 10, 8, 22, 12, 22, 16, 8, 10],
[10, 9, 3, 0, 15, 8, 16, 9, 8, 20, 9, 19, 13, 8, 8],
[23, 21, 16, 15, 0, 13, 16, 6, 8, 10, 15, 23, 20, 23, 21],
[10, 9, 11, 8, 13, 0, 8, 8, 10, 14, 2, 12, 7, 14, 9],
[16, 14, 19, 16, 16, 8, 0, 13, 16, 10, 8, 8, 8, 21, 16],
[17, 15, 10, 9, 6, 8, 13, 0, 3, 13, 10, 20, 15, 17, 15],
[17, 16, 8, 8, 8, 10, 16, 3, 0, 16, 12, 22, 17, 16, 15],
[24, 22, 22, 20, 10, 14, 10, 13, 16, 0, 15, 18, 17, 27, 23],
[9, 7, 12, 9, 15, 2, 8, 10, 12, 15, 0, 10, 5, 13, 8],
[13, 13, 22, 19, 23, 12, 8, 20, 22, 18, 10, 0, 6, 21, 15],
[8, 7, 16, 13, 20, 7, 8, 15, 17, 17, 5, 6, 0, 15, 9],
[8, 8, 8, 8, 23, 14, 21, 17, 16, 27, 13, 21, 15, 0, 6],
[3, 2, 10, 8, 21, 9, 16, 15, 15, 23, 8, 15, 9, 6, 0]
   ],
   
//setup on machine: MAQ 5
[   [0, 28, 23, 21, 21, 17, 19, 5, 5, 15, 14, 16, 12, 22, 12],
[28, 0, 10, 15, 20, 13, 9, 23, 25, 15, 20, 20, 19, 6, 16],
[23, 10, 0, 5, 10, 6, 11, 18, 19, 8, 11, 21, 12, 9, 13],
[21, 15, 5, 0, 5, 6, 14, 17, 16, 6, 8, 23, 9, 14, 14],
[21, 20, 10, 5, 0, 10, 18, 18, 16, 9, 7, 27, 10, 18, 17],
[17, 13, 6, 6, 10, 0, 8, 12, 13, 2, 7, 17, 6, 9, 8],
[19, 9, 11, 14, 18, 8, 0, 14, 17, 10, 15, 11, 13, 3, 7],
[5, 23, 18, 17, 18, 12, 14, 0, 5, 11, 11, 13, 9, 17, 7],
[5, 25, 19, 16, 16, 13, 17, 5, 0, 11, 9, 18, 7, 20, 11],
[15, 15, 8, 6, 9, 2, 10, 11, 11, 0, 5, 18, 4, 11, 8],
[14, 20, 11, 8, 7, 7, 15, 11, 9, 5, 0, 21, 3, 16, 11],
[16, 20, 21, 23, 27, 17, 11, 13, 18, 18, 21, 0, 18, 14, 10],
[12, 19, 12, 9, 10, 6, 13, 9, 7, 4, 3, 18, 0, 15, 9],
[22, 6, 9, 14, 18, 9, 3, 17, 20, 11, 16, 14, 15, 0, 10],
[12, 16, 13, 14, 17, 8, 7, 7, 11, 8, 11, 10, 9, 10, 0]
   ],
   
//setup on machine: MAQ 6
[   [0, 17, 5, 15, 20, 13, 1, 5, 19, 9, 17, 13, 7, 9, 2],
[17, 0, 13, 6, 4, 9, 17, 15, 17, 20, 5, 7, 17, 13, 16],
[5, 13, 0, 11, 15, 10, 5, 3, 16, 11, 12, 9, 6, 8, 3],
[15, 6, 11, 0, 5, 4, 15, 14, 21, 16, 10, 2, 17, 8, 14],
[20, 4, 15, 5, 0, 9, 19, 18, 21, 21, 9, 7, 21, 13, 18],
[13, 9, 10, 4, 9, 0, 12, 13, 23, 12, 13, 3, 16, 4, 12],
[1, 17, 5, 15, 19, 12, 0, 6, 20, 8, 17, 13, 8, 9, 3],
[5, 15, 3, 14, 18, 13, 6, 0, 14, 13, 13, 12, 3, 11, 3],
[19, 17, 16, 21, 21, 23, 20, 14, 0, 27, 12, 20, 13, 23, 17],
[9, 20, 11, 16, 21, 12, 8, 13, 27, 0, 22, 14, 15, 8, 10],
[17, 5, 12, 10, 9, 13, 17, 13, 12, 22, 0, 10, 15, 15, 15],
[13, 7, 9, 2, 7, 3, 13, 12, 20, 14, 10, 0, 15, 6, 12],
[7, 17, 6, 17, 21, 16, 8, 3, 13, 15, 15, 15, 0, 14, 5],
[9, 13, 8, 8, 13, 4, 9, 11, 23, 8, 15, 6, 14, 0, 9],
[2, 16, 3, 14, 18, 12, 3, 3, 17, 10, 15, 12, 5, 9, 0]
   ],
   
//setup on machine: MAQ 7
[   [0, 22, 15, 16, 24, 17, 17, 6, 27, 21, 14, 20, 18, 14, 5],
[22, 0, 9, 7, 2, 6, 10, 19, 11, 9, 13, 18, 9, 21, 18],
[15, 9, 0, 6, 11, 8, 3, 10, 12, 13, 12, 11, 12, 12, 10],
[16, 7, 6, 0, 9, 2, 9, 13, 16, 8, 7, 17, 6, 17, 12],
[24, 2, 11, 9, 0, 8, 12, 21, 12, 9, 14, 19, 10, 23, 20],
[17, 6, 8, 2, 8, 0, 10, 15, 16, 6, 7, 19, 4, 19, 14],
[17, 10, 3, 9, 12, 10, 0, 12, 10, 16, 15, 9, 14, 11, 12],
[6, 19, 10, 13, 21, 15, 12, 0, 21, 20, 15, 14, 17, 8, 2],
[27, 11, 12, 16, 12, 16, 10, 21, 0, 20, 23, 12, 20, 19, 22],
[21, 9, 13, 8, 9, 6, 16, 20, 20, 0, 7, 24, 3, 25, 19],
[14, 13, 12, 7, 14, 7, 15, 15, 23, 7, 0, 23, 4, 21, 13],
[20, 18, 11, 17, 19, 19, 9, 14, 12, 24, 23, 0, 23, 8, 16],
[18, 9, 12, 6, 10, 4, 14, 17, 20, 3, 4, 23, 0, 23, 16],
[14, 21, 12, 17, 23, 19, 11, 8, 19, 25, 21, 8, 23, 0, 10],
[5, 18, 10, 12, 20, 14, 12, 2, 22, 19, 13, 16, 16, 10, 0]
   ],
   
//setup on machine: MAQ 8
[   [0, 27, 1, 17, 15, 5, 7, 11, 20, 6, 12, 18, 10, 2, 9],
[27, 0, 27, 13, 12, 24, 20, 26, 24, 23, 15, 12, 18, 28, 21],
[1, 27, 0, 17, 16, 5, 7, 10, 20, 7, 13, 19, 10, 1, 9],
[17, 13, 17, 0, 7, 13, 11, 13, 11, 16, 10, 13, 7, 17, 15],
[15, 12, 16, 7, 0, 13, 9, 16, 18, 12, 4, 6, 7, 16, 10],
[5, 24, 5, 13, 13, 0, 5, 6, 15, 9, 11, 17, 6, 5, 10],
[7, 20, 7, 11, 9, 5, 0, 10, 17, 6, 6, 12, 4, 8, 6],
[11, 26, 10, 13, 16, 6, 10, 0, 10, 15, 15, 21, 9, 9, 16],
[20, 24, 20, 11, 18, 15, 17, 10, 0, 23, 19, 24, 14, 19, 23],
[6, 23, 7, 16, 12, 9, 6, 15, 23, 0, 8, 13, 10, 8, 3],
[12, 15, 13, 10, 4, 11, 6, 15, 19, 8, 0, 6, 6, 13, 6],
[18, 12, 19, 13, 6, 17, 12, 21, 24, 13, 6, 0, 12, 19, 10],
[10, 18, 10, 7, 7, 6, 4, 9, 14, 10, 6, 12, 0, 11, 9],
[2, 28, 1, 17, 16, 5, 8, 9, 19, 8, 13, 19, 11, 0, 10],
[9, 21, 9, 15, 10, 10, 6, 16, 23, 3, 6, 10, 9, 10, 0]
   ],
   
//setup on machine: MAQ 9
[   [0, 12, 20, 10, 21, 16, 16, 26, 12, 3, 8, 22, 14, 16, 19],
[12, 0, 21, 16, 12, 20, 16, 17, 4, 10, 4, 15, 7, 21, 15],
[20, 21, 0, 10, 18, 5, 6, 20, 25, 18, 22, 15, 15, 6, 10],
[10, 16, 10, 0, 19, 6, 8, 23, 18, 9, 14, 18, 12, 6, 13],
[21, 12, 18, 19, 0, 20, 14, 5, 15, 18, 16, 4, 8, 21, 9],
[16, 20, 5, 6, 20, 0, 6, 22, 23, 14, 19, 17, 14, 1, 12],
[16, 16, 6, 8, 14, 6, 0, 16, 19, 13, 16, 11, 9, 7, 6],
[26, 17, 20, 23, 5, 22, 16, 0, 20, 23, 21, 5, 12, 23, 10],
[12, 4, 25, 18, 15, 23, 19, 20, 0, 11, 4, 18, 11, 24, 19],
[3, 10, 18, 9, 18, 14, 13, 23, 11, 0, 7, 19, 11, 15, 17],
[8, 4, 22, 14, 16, 19, 16, 21, 4, 7, 0, 18, 9, 20, 17],
[22, 15, 15, 18, 4, 17, 11, 5, 18, 19, 18, 0, 9, 18, 5],
[14, 7, 15, 12, 8, 14, 9, 12, 11, 11, 9, 9, 0, 15, 8],
[16, 21, 6, 6, 21, 1, 7, 23, 24, 15, 20, 18, 15, 0, 13],
[19, 15, 10, 13, 9, 12, 6, 10, 19, 17, 17, 5, 8, 13, 0]
   ],
   
//setup on machine: MAQ 10
[   [0, 8, 25, 20, 4, 3, 11, 16, 19, 16, 26, 2, 9, 5, 4],
[8, 0, 17, 13, 7, 5, 3, 9, 16, 15, 19, 8, 9, 5, 6],
[25, 17, 0, 10, 23, 22, 15, 12, 21, 23, 6, 25, 23, 21, 23],
[20, 13, 10, 0, 20, 18, 10, 4, 24, 25, 15, 21, 22, 18, 17],
[4, 7, 23, 20, 0, 3, 10, 16, 15, 12, 23, 2, 5, 2, 6],
[3, 5, 22, 18, 3, 0, 8, 14, 17, 15, 23, 3, 8, 3, 4],
[11, 3, 15, 10, 10, 8, 0, 6, 17, 17, 17, 11, 12, 8, 8],
[16, 9, 12, 4, 16, 14, 6, 0, 22, 22, 16, 17, 18, 14, 13],
[19, 16, 21, 24, 15, 17, 17, 22, 0, 4, 17, 17, 10, 14, 20],
[16, 15, 23, 25, 12, 15, 17, 22, 4, 0, 20, 14, 7, 12, 18],
[26, 19, 6, 15, 23, 23, 17, 16, 17, 20, 0, 25, 21, 21, 24],
[2, 8, 25, 21, 2, 3, 11, 17, 17, 14, 25, 0, 7, 4, 6],
[9, 9, 23, 22, 5, 8, 12, 18, 10, 7, 21, 7, 0, 5, 11],
[5, 5, 21, 18, 2, 3, 8, 14, 14, 12, 21, 4, 5, 0, 6],
[4, 6, 23, 17, 6, 4, 8, 13, 20, 18, 24, 6, 11, 6, 0]
   ],
   
//setup on machine: MAQ 11
[   [0, 13, 10, 19, 19, 29, 16, 17, 20, 23, 22, 20, 26, 19, 17],
[13, 0, 4, 6, 6, 22, 22, 20, 23, 18, 16, 22, 22, 9, 6],
[10, 4, 0, 9, 9, 21, 18, 17, 20, 16, 15, 19, 20, 9, 7],
[19, 6, 9, 0, 1, 21, 26, 23, 26, 18, 16, 25, 22, 7, 5],
[19, 6, 9, 1, 0, 22, 27, 24, 27, 19, 17, 25, 23, 8, 6],
[29, 22, 21, 21, 22, 0, 21, 17, 17, 6, 7, 15, 4, 14, 17],
[16, 22, 18, 26, 27, 21, 0, 4, 5, 16, 17, 6, 17, 21, 21],
[17, 20, 17, 23, 24, 17, 4, 0, 3, 12, 13, 3, 13, 18, 19],
[20, 23, 20, 26, 27, 17, 5, 3, 0, 13, 14, 2, 13, 20, 21],
[23, 18, 16, 18, 19, 6, 16, 12, 13, 0, 2, 11, 4, 11, 13],
[22, 16, 15, 16, 17, 7, 17, 13, 14, 2, 0, 12, 6, 9, 11],
[20, 22, 19, 25, 25, 15, 6, 3, 2, 11, 12, 0, 11, 19, 20],
[26, 22, 20, 22, 23, 4, 17, 13, 13, 4, 6, 11, 0, 15, 17],
[19, 9, 9, 7, 8, 14, 21, 18, 20, 11, 9, 19, 15, 0, 3],
[17, 6, 7, 5, 6, 17, 21, 19, 21, 13, 11, 20, 17, 3, 0]
   ],
   
//setup on machine: MAQ 12
[   [0, 20, 2, 28, 15, 16, 23, 15, 21, 20, 19, 21, 18, 5, 10],
[20, 0, 18, 19, 23, 26, 19, 25, 9, 19, 14, 21, 25, 15, 10],
[2, 18, 0, 26, 14, 15, 21, 14, 19, 18, 17, 20, 17, 3, 8],
[28, 19, 26, 0, 18, 21, 7, 21, 10, 10, 9, 11, 18, 25, 21],
[15, 23, 14, 18, 0, 3, 11, 3, 17, 8, 11, 8, 3, 15, 16],
[16, 26, 15, 21, 3, 0, 14, 1, 20, 11, 14, 10, 4, 17, 18],
[23, 19, 21, 7, 11, 14, 0, 14, 10, 3, 5, 4, 11, 20, 17],
[15, 25, 14, 21, 3, 1, 14, 0, 20, 11, 14, 11, 4, 16, 17],
[21, 9, 19, 10, 17, 20, 10, 20, 0, 11, 6, 13, 18, 17, 12],
[20, 19, 18, 10, 8, 11, 3, 11, 11, 0, 5, 2, 8, 18, 16],
[19, 14, 17, 9, 11, 14, 5, 14, 6, 5, 0, 7, 12, 16, 13],
[21, 21, 20, 11, 8, 10, 4, 11, 13, 2, 7, 0, 7, 20, 18],
[18, 25, 17, 18, 3, 4, 11, 4, 18, 8, 12, 7, 0, 18, 18],
[5, 15, 3, 25, 15, 17, 20, 16, 17, 18, 16, 20, 18, 0, 5],
[10, 10, 8, 21, 16, 18, 17, 17, 12, 16, 13, 18, 18, 5, 0]
   ],
   
//setup on machine: MAQ 13
[   [0, 22, 19, 19, 20, 26, 10, 12, 21, 6, 15, 24, 10, 5, 16],
[22, 0, 4, 5, 21, 5, 14, 14, 12, 19, 16, 9, 18, 18, 19],
[19, 4, 0, 3, 20, 9, 10, 12, 12, 16, 15, 10, 15, 14, 18],
[19, 5, 3, 0, 23, 10, 10, 14, 15, 16, 17, 13, 14, 14, 20],
[20, 21, 20, 23, 0, 21, 22, 10, 10, 24, 6, 15, 26, 21, 4],
[26, 5, 9, 10, 21, 0, 19, 17, 11, 24, 17, 6, 23, 22, 20],
[10, 14, 10, 10, 22, 19, 0, 12, 18, 6, 16, 19, 5, 5, 18],
[12, 14, 12, 14, 10, 17, 12, 0, 9, 14, 4, 13, 17, 11, 6],
[21, 12, 12, 15, 10, 11, 18, 9, 0, 22, 8, 5, 23, 19, 10],
[6, 19, 16, 16, 24, 24, 6, 14, 22, 0, 18, 24, 4, 3, 20],
[15, 16, 15, 17, 6, 17, 16, 4, 8, 18, 0, 13, 20, 15, 3],
[24, 9, 10, 13, 15, 6, 19, 13, 5, 24, 13, 0, 24, 21, 15],
[10, 18, 15, 14, 26, 23, 5, 17, 23, 4, 20, 24, 0, 6, 22],
[5, 18, 14, 14, 21, 22, 5, 11, 19, 3, 15, 21, 6, 0, 17],
[16, 19, 18, 20, 4, 20, 18, 6, 10, 20, 3, 15, 22, 17, 0]
   ],
   
//setup on machine: MAQ 14
[   [0, 23, 10, 1, 22, 6, 26, 14, 14, 16, 2, 16, 16, 9, 20],
[23, 0, 21, 24, 10, 18, 9, 20, 10, 15, 21, 11, 9, 18, 12],
[10, 21, 0, 11, 24, 12, 27, 21, 11, 8, 9, 10, 17, 15, 12],
[1, 24, 11, 0, 23, 7, 27, 15, 15, 17, 3, 17, 17, 9, 21],
[22, 10, 24, 23, 0, 16, 5, 13, 14, 21, 20, 17, 7, 14, 20],
[6, 18, 12, 7, 16, 0, 20, 9, 11, 16, 4, 14, 10, 3, 18],
[26, 9, 27, 27, 5, 20, 0, 18, 17, 23, 24, 19, 11, 19, 21],
[14, 20, 21, 15, 13, 9, 18, 0, 17, 23, 13, 21, 11, 6, 25],
[14, 10, 11, 15, 14, 11, 17, 17, 0, 7, 12, 4, 8, 12, 8],
[16, 15, 8, 17, 21, 16, 23, 23, 7, 0, 15, 4, 15, 18, 4],
[2, 21, 9, 3, 20, 4, 24, 13, 12, 15, 0, 14, 14, 7, 18],
[16, 11, 10, 17, 17, 14, 19, 21, 4, 4, 14, 0, 11, 16, 4],
[16, 9, 17, 17, 7, 10, 11, 11, 8, 15, 14, 11, 0, 9, 15],
[9, 18, 15, 9, 14, 3, 19, 6, 12, 18, 7, 16, 9, 0, 20],
[20, 12, 12, 21, 20, 18, 21, 25, 8, 4, 18, 4, 15, 20, 0]
   ],
   
//setup on machine: MAQ 15
[   [0, 11, 17, 12, 11, 6, 17, 9, 6, 13, 16, 11, 4, 6, 10],
[11, 0, 17, 17, 15, 5, 16, 19, 17, 18, 9, 5, 15, 16, 15],
[17, 17, 0, 8, 8, 15, 1, 17, 20, 9, 11, 21, 19, 21, 27],
[12, 17, 8, 0, 2, 13, 9, 9, 13, 1, 16, 20, 12, 14, 22],
[11, 15, 8, 2, 0, 11, 8, 9, 13, 3, 14, 18, 11, 13, 21],
[6, 5, 15, 13, 11, 0, 14, 14, 12, 14, 11, 7, 10, 12, 13],
[17, 16, 1, 9, 8, 14, 0, 17, 20, 9, 10, 20, 18, 20, 26],
[9, 19, 17, 9, 9, 14, 17, 0, 6, 9, 22, 20, 6, 7, 17],
[6, 17, 20, 13, 13, 12, 20, 6, 0, 14, 22, 17, 2, 1, 11],
[13, 18, 9, 1, 3, 14, 9, 9, 14, 0, 17, 21, 13, 14, 23],
[16, 9, 11, 16, 14, 11, 10, 22, 22, 17, 0, 14, 20, 22, 23],
[11, 5, 21, 20, 18, 7, 20, 20, 17, 21, 14, 0, 15, 16, 11],
[4, 15, 19, 12, 11, 10, 18, 6, 2, 13, 20, 15, 0, 2, 11],
[6, 16, 21, 14, 13, 12, 20, 7, 1, 14, 22, 16, 2, 0, 10],
[10, 15, 27, 22, 21, 13, 26, 17, 11, 23, 23, 11, 11, 10, 0]
   ]
];