// INSTANCIA 7X7-09
nbJobs = 7;
nbMchs = 7;

OpDurations = [
[32, 67, 32, 43, 71, 72, 31]
[13, 72, 35, 66, 41, 47, 60]
[46, 94, 23, 44, 15, 73, 6]
[90, 50, 92, 95, 69, 42, 20]
[51, 37, 86, 75, 13, 93, 68]
[89, 47, 65, 62, 63, 82, 27]
[93, 31, 86, 64, 62, 17, 92]
];

setup = [
//setup on machine: MAQ 1
[   [0, 11, 12, 6, 22, 19, 23],
[11, 0, 14, 12, 18, 27, 21],
[12, 14, 0, 18, 11, 16, 12],
[6, 12, 18, 0, 27, 24, 29],
[22, 18, 11, 27, 0, 25, 3],
[19, 27, 16, 24, 25, 0, 25],
[23, 21, 12, 29, 3, 25, 0]
   ],
//setup on machine: MAQ 2
[   [0, 2, 22, 6, 6, 27, 15],
[2, 0, 24, 5, 7, 29, 17],
[22, 24, 0, 24, 18, 5, 16],
[6, 5, 24, 0, 6, 29, 20],
[6, 7, 18, 6, 0, 23, 16],
[27, 29, 5, 29, 23, 0, 20],
[15, 17, 16, 20, 16, 20, 0]
   ],
//setup on machine: MAQ 3
[   [0, 4, 16, 21, 11, 14, 13],
[4, 0, 19, 25, 15, 15, 15],
[16, 19, 0, 7, 8, 13, 8],
[21, 25, 7, 0, 11, 20, 15],
[11, 15, 8, 11, 0, 17, 12],
[14, 15, 13, 20, 17, 0, 5],
[13, 15, 8, 15, 12, 5, 0]
   ],
//setup on machine: MAQ 4
[   [0, 3, 13, 15, 11, 6, 20],
[3, 0, 14, 12, 12, 9, 17],
[13, 14, 0, 21, 23, 14, 25],
[15, 12, 21, 0, 23, 21, 5],
[11, 12, 23, 23, 0, 9, 27],
[6, 9, 14, 21, 9, 0, 26],
[20, 17, 25, 5, 27, 26, 0]
   ],
//setup on machine: MAQ 5
[   [0, 25, 16, 4, 17, 3, 15],
[25, 0, 27, 21, 15, 24, 19],
[16, 27, 0, 16, 28, 13, 28],
[4, 21, 16, 0, 14, 4, 13],
[17, 15, 28, 14, 0, 18, 4],
[3, 24, 13, 4, 18, 0, 17],
[15, 19, 28, 13, 4, 17, 0]
   ],
//setup on machine: MAQ 6
[   [0, 18, 10, 12, 29, 25, 13],
[18, 0, 12, 9, 17, 9, 8],
[10, 12, 0, 3, 27, 16, 4],
[12, 9, 3, 0, 24, 14, 1],
[29, 17, 27, 24, 0, 21, 23],
[25, 9, 16, 14, 21, 0, 13],
[13, 8, 4, 1, 23, 13, 0]
   ],
//setup on machine: MAQ 7
[   [0, 22, 26, 13, 23, 27, 19],
[22, 0, 4, 20, 13, 6, 6],
[26, 4, 0, 23, 15, 4, 9],
[13, 20, 23, 0, 13, 26, 20],
[23, 13, 15, 13, 0, 19, 18],
[27, 6, 4, 26, 19, 0, 9],
[19, 6, 9, 20, 18, 9, 0]
   ]
];