nbJobs = 5;
nbMchs = 5;

OpDurations = [
[66, 45, 64, 31, 35]
[78, 44, 36, 66, 71]
[75, 53, 81, 91, 5]
[25, 77, 38, 79, 60]
[12, 83, 81, 37, 93]
];

setup = [

// INSTANCIA 05X05-4
//setup on machine: MAQ 1
[   [0, 16, 10, 22, 23],
[16, 0, 11, 7, 9],
[10, 11, 0, 16, 14],
[22, 7, 16, 0, 7],
[23, 9, 14, 7, 0]
   ],
//setup on machine: MAQ 2
[   [0, 19, 5, 15, 28],
[19, 0, 23, 14, 25],
[5, 23, 0, 16, 28],
[15, 14, 16, 0, 14],
[28, 25, 28, 14, 0]
   ],
//setup on machine: MAQ 3
[   [0, 29, 9, 26, 13],
[29, 0, 30, 28, 20],
[9, 30, 0, 19, 19],
[26, 28, 19, 0, 30],
[13, 20, 19, 30, 0]
   ],
//setup on machine: MAQ 4
[   [0, 7, 13, 11, 23],
[7, 0, 15, 17, 26],
[13, 15, 0, 22, 12],
[11, 17, 22, 0, 29],
[23, 26, 12, 29, 0]
   ],
//setup on machine: MAQ 5
[   [0, 6, 20, 11, 27],
[6, 0, 23, 7, 28],
[20, 23, 0, 21, 9],
[11, 7, 21, 0, 24],
[27, 28, 9, 24, 0]
   ]
];