// INSTANCIA FGSSP 15x15-06
nbJobs = 15;
nbMchs = 15;

OpDurations = [
[19, 78, 79,  3, 53, 27, 24, 47,  7,  19,   2,  73,  63,  21,   2]
[21, 13, 29, 63, 23, 18, 32, 60, 26,   5,  46,  13,  54,  12,  90]
[28, 85, 44, 42, 69, 80, 71, 44, 27,  77,  75,  53,  94,  55,  66]
[28, 74, 86, 16, 34, 60, 17,  8, 18,  27,  39,  71,   8,   3,  76]
[99,  1, 62, 52, 80, 16, 79, 39, 49,  86,  33,  14,  65,  45,  85]
[62, 77, 61, 16, 88, 91, 13,  8, 53,  18,  17,  92,  88,  40,  42]
[26, 41, 88, 27, 69, 32, 97, 99,  4,  77,  72,  77,  63,  63,  98]
[83, 86, 67, 24, 79, 49, 18, 87, 75,  22,  54,  51,  14,  33,  43]
[83, 39, 27,  6, 57, 82, 15, 75, 84,  55,  86,  63,  70,   4,  22]
[22, 33, 11, 69, 47, 38, 42, 99, 19,  66,  19,  41,  59,   3,  68]
[34, 43, 61, 84, 65, 36, 25, 32,  1,  79,  93,   3,  92,  82,   2]
[5, 65, 58, 77, 80, 30, 13, 71, 85,  45,  93,  44,  74,  72,  60]
[27, 82, 74, 62, 82, 18, 22, 69, 48,  89,  60,  73,  72,  65,  23]
[34, 98, 89, 92,  2, 85, 15, 99, 80,  69,  27,  18,  20,  23,  78]
[38, 65,  5,  8, 45, 50, 28, 64, 55,  51,  56,  43,  22,  18,  96]
];

setup = [
//setup on machine: MAQ 1
[   [0, 8, 10, 10, 12, 11, 15, 3, 2, 5, 7, 8, 8, 15, 10],
[8, 0, 15, 2, 5, 11, 12, 6, 7, 8, 14, 10, 4, 21, 9],
[10, 15, 0, 16, 16, 21, 13, 9, 12, 7, 4, 6, 17, 6, 9],
[10, 2, 16, 0, 3, 13, 11, 8, 9, 9, 16, 10, 6, 22, 9],
[12, 5, 16, 3, 0, 16, 8, 9, 12, 10, 17, 10, 9, 22, 8],
[11, 11, 21, 13, 16, 0, 23, 13, 9, 16, 18, 19, 7, 26, 19],
[15, 12, 13, 11, 8, 23, 0, 12, 16, 10, 16, 8, 16, 18, 5],
[3, 6, 9, 8, 9, 13, 12, 0, 4, 3, 8, 6, 8, 15, 7],
[2, 7, 12, 9, 12, 9, 16, 4, 0, 7, 9, 10, 6, 17, 11],
[5, 8, 7, 9, 10, 16, 10, 3, 7, 0, 7, 3, 10, 13, 5],
[7, 14, 4, 16, 17, 18, 16, 8, 9, 7, 0, 8, 15, 8, 11],
[8, 10, 6, 10, 10, 19, 8, 6, 10, 3, 8, 0, 13, 12, 3],
[8, 4, 17, 6, 9, 7, 16, 8, 6, 10, 15, 13, 0, 23, 13],
[15, 21, 6, 22, 22, 26, 18, 15, 17, 13, 8, 12, 23, 0, 15],
[10, 9, 9, 9, 8, 19, 5, 7, 11, 5, 11, 3, 13, 15, 0]
   ],
   
//setup on machine: MAQ 2
[   [0, 8, 14, 17, 24, 2, 16, 20, 17, 10, 20, 4, 19, 23, 13],
[8, 0, 18, 11, 20, 6, 16, 13, 10, 12, 13, 9, 17, 16, 10],
[14, 18, 0, 21, 21, 14, 8, 24, 27, 6, 26, 10, 14, 27, 14],
[17, 11, 21, 0, 10, 15, 14, 3, 10, 15, 6, 16, 11, 7, 7],
[24, 20, 21, 10, 0, 22, 13, 10, 20, 18, 14, 22, 7, 12, 11],
[2, 6, 14, 15, 22, 0, 15, 18, 16, 9, 18, 4, 18, 21, 12],
[16, 16, 8, 14, 13, 15, 0, 17, 23, 6, 20, 12, 6, 21, 8],
[20, 13, 24, 3, 10, 18, 17, 0, 10, 18, 4, 19, 13, 4, 10],
[17, 10, 27, 10, 20, 16, 23, 10, 0, 21, 7, 19, 21, 11, 15],
[10, 12, 6, 15, 18, 9, 6, 18, 21, 0, 21, 6, 11, 22, 9],
[20, 13, 26, 6, 14, 18, 20, 4, 7, 21, 0, 21, 17, 4, 13],
[4, 9, 10, 16, 22, 4, 12, 19, 19, 6, 21, 0, 16, 23, 11],
[19, 17, 14, 11, 7, 18, 6, 13, 21, 11, 17, 16, 0, 16, 7],
[23, 16, 27, 7, 12, 21, 21, 4, 11, 22, 4, 23, 16, 0, 14],
[13, 10, 14, 7, 11, 12, 8, 10, 15, 9, 13, 11, 7, 14, 0]
   ],
   
//setup on machine: MAQ 3
[   [0, 10, 7, 17, 15, 6, 17, 9, 4, 13, 11, 7, 14, 5, 9],
[10, 0, 3, 23, 17, 5, 24, 14, 9, 9, 1, 13, 6, 10, 6],
[7, 3, 0, 21, 16, 3, 22, 12, 6, 9, 4, 11, 8, 8, 5],
[17, 23, 21, 0, 8, 22, 3, 9, 15, 16, 23, 23, 22, 22, 25],
[15, 17, 16, 8, 0, 18, 10, 6, 11, 9, 18, 22, 15, 20, 21],
[6, 5, 3, 22, 18, 0, 23, 13, 7, 12, 6, 8, 10, 5, 3],
[17, 24, 22, 3, 10, 23, 0, 10, 16, 19, 25, 23, 24, 22, 26],
[9, 14, 12, 9, 6, 13, 10, 0, 6, 9, 15, 16, 14, 14, 16],
[4, 9, 6, 15, 11, 7, 16, 6, 0, 9, 10, 11, 11, 9, 10],
[13, 9, 9, 16, 9, 12, 19, 9, 9, 0, 9, 18, 6, 16, 14],
[11, 1, 4, 23, 18, 6, 25, 15, 10, 9, 0, 14, 5, 11, 7],
[7, 13, 11, 23, 22, 8, 23, 16, 11, 18, 14, 0, 18, 3, 8],
[14, 6, 8, 22, 15, 10, 24, 14, 11, 6, 5, 18, 0, 15, 12],
[5, 10, 8, 22, 20, 5, 22, 14, 9, 16, 11, 3, 15, 0, 5],
[9, 6, 5, 25, 21, 3, 26, 16, 10, 14, 7, 8, 12, 5, 0]
   ],
   
//setup on machine: MAQ 4
[   [0, 9, 14, 11, 19, 20, 22, 22, 22, 13, 10, 11, 12, 25, 3],
[9, 0, 5, 13, 15, 13, 19, 15, 17, 5, 1, 8, 14, 19, 11],
[14, 5, 0, 15, 14, 9, 18, 11, 14, 2, 4, 9, 16, 15, 16],
[11, 13, 15, 0, 10, 14, 12, 17, 14, 13, 13, 6, 1, 17, 10],
[19, 15, 14, 10, 0, 7, 4, 9, 4, 12, 15, 8, 10, 8, 19],
[20, 13, 9, 14, 7, 0, 10, 3, 5, 8, 12, 9, 15, 6, 21],
[22, 19, 18, 12, 4, 10, 0, 12, 6, 16, 19, 12, 12, 9, 22],
[22, 15, 11, 17, 9, 3, 12, 0, 6, 10, 14, 12, 18, 5, 23],
[22, 17, 14, 14, 4, 5, 6, 6, 0, 12, 16, 11, 14, 4, 22],
[13, 5, 2, 13, 12, 8, 16, 10, 12, 0, 4, 7, 14, 14, 15],
[10, 1, 4, 13, 15, 12, 19, 14, 16, 4, 0, 8, 14, 18, 12],
[11, 8, 9, 6, 8, 9, 12, 12, 11, 7, 8, 0, 7, 14, 12],
[12, 14, 16, 1, 10, 15, 12, 18, 14, 14, 14, 7, 0, 18, 11],
[25, 19, 15, 17, 8, 6, 9, 5, 4, 14, 18, 14, 18, 0, 26],
[3, 11, 16, 10, 19, 21, 22, 23, 22, 15, 12, 12, 11, 26, 0]
   ],
   
//setup on machine: MAQ 5
[   [0, 12, 5, 5, 4, 17, 9, 8, 18, 14, 17, 16, 16, 14, 9],
[12, 0, 17, 14, 14, 27, 11, 5, 18, 22, 25, 12, 7, 19, 20],
[5, 17, 0, 5, 5, 14, 12, 13, 20, 12, 14, 19, 21, 14, 4],
[5, 14, 5, 0, 8, 13, 7, 9, 15, 9, 12, 14, 17, 9, 8],
[4, 14, 5, 8, 0, 19, 13, 11, 22, 16, 19, 19, 19, 17, 8],
[17, 27, 14, 13, 19, 0, 17, 22, 19, 5, 3, 22, 28, 11, 12],
[9, 11, 12, 7, 13, 17, 0, 6, 9, 12, 15, 7, 11, 8, 15],
[8, 5, 13, 9, 11, 22, 6, 0, 14, 17, 20, 9, 8, 14, 16],
[18, 18, 20, 15, 22, 19, 9, 14, 0, 14, 16, 7, 14, 8, 22],
[14, 22, 12, 9, 16, 5, 12, 17, 14, 0, 3, 17, 23, 6, 11],
[17, 25, 14, 12, 19, 3, 15, 20, 16, 3, 0, 20, 25, 8, 13],
[16, 12, 19, 14, 19, 22, 7, 9, 7, 17, 20, 0, 7, 12, 22],
[16, 7, 21, 17, 19, 28, 11, 8, 14, 23, 25, 7, 0, 18, 24],
[14, 19, 14, 9, 17, 11, 8, 14, 8, 6, 8, 12, 18, 0, 15],
[9, 20, 4, 8, 8, 12, 15, 16, 22, 11, 13, 22, 24, 15, 0]
   ],
   
//setup on machine: MAQ 6
[   [0, 24, 20, 17, 9, 13, 15, 6, 10, 6, 15, 17, 8, 20, 9],
[24, 0, 12, 15, 22, 17, 21, 19, 23, 21, 9, 7, 17, 11, 23],
[20, 12, 0, 4, 14, 8, 10, 14, 14, 19, 9, 9, 13, 1, 15],
[17, 15, 4, 0, 10, 4, 6, 11, 10, 17, 10, 10, 11, 5, 11],
[9, 22, 14, 10, 0, 6, 6, 6, 1, 13, 14, 16, 8, 14, 1],
[13, 17, 8, 4, 6, 0, 5, 7, 7, 14, 9, 10, 7, 8, 7],
[15, 21, 10, 6, 6, 5, 0, 11, 6, 18, 14, 15, 11, 11, 7],
[6, 19, 14, 11, 6, 7, 11, 0, 7, 7, 10, 12, 2, 14, 6],
[10, 23, 14, 10, 1, 7, 6, 7, 0, 14, 15, 17, 9, 15, 1],
[6, 21, 19, 17, 13, 14, 18, 7, 14, 0, 12, 14, 7, 19, 13],
[15, 9, 9, 10, 14, 9, 14, 10, 15, 12, 0, 2, 8, 9, 14],
[17, 7, 9, 10, 16, 10, 15, 12, 17, 14, 2, 0, 10, 8, 16],
[8, 17, 13, 11, 8, 7, 11, 2, 9, 7, 8, 10, 0, 13, 8],
[20, 11, 1, 5, 14, 8, 11, 14, 15, 19, 9, 8, 13, 0, 15],
[9, 23, 15, 11, 1, 7, 7, 6, 1, 13, 14, 16, 8, 15, 0]
   ],
   
//setup on machine: MAQ 7
[   [0, 23, 19, 8, 15, 20, 20, 9, 19, 18, 20, 21, 7, 22, 13],
[23, 0, 14, 15, 25, 20, 13, 14, 5, 5, 3, 5, 16, 11, 12],
[19, 14, 0, 12, 12, 6, 2, 14, 15, 10, 12, 9, 12, 5, 17],
[8, 15, 12, 0, 14, 15, 13, 4, 12, 10, 12, 13, 1, 14, 8],
[15, 25, 12, 14, 0, 9, 14, 17, 24, 20, 22, 21, 13, 17, 22],
[20, 20, 6, 15, 9, 0, 7, 18, 21, 16, 18, 15, 15, 10, 22],
[20, 13, 2, 13, 14, 7, 0, 15, 14, 9, 11, 8, 13, 3, 17],
[9, 14, 14, 4, 17, 18, 15, 0, 10, 10, 11, 13, 4, 16, 5],
[19, 5, 15, 12, 24, 21, 14, 10, 0, 5, 4, 8, 13, 13, 7],
[18, 5, 10, 10, 20, 16, 9, 10, 5, 0, 2, 4, 11, 8, 10],
[20, 3, 12, 12, 22, 18, 11, 11, 4, 2, 0, 4, 13, 9, 10],
[21, 5, 9, 13, 21, 15, 8, 13, 8, 4, 4, 0, 14, 6, 13],
[7, 16, 12, 1, 13, 15, 13, 4, 13, 11, 13, 14, 0, 15, 9],
[22, 11, 5, 14, 17, 10, 3, 16, 13, 8, 9, 6, 15, 0, 17],
[13, 12, 17, 8, 22, 22, 17, 5, 7, 10, 10, 13, 9, 17, 0]
   ],
   
//setup on machine: MAQ 8
[   [0, 2, 10, 8, 4, 11, 12, 12, 14, 8, 8, 11, 16, 10, 1],
[2, 0, 8, 9, 2, 9, 11, 10, 12, 9, 7, 12, 14, 9, 1],
[10, 8, 0, 15, 6, 8, 11, 5, 4, 15, 11, 16, 9, 8, 9],
[8, 9, 15, 0, 11, 11, 10, 19, 19, 15, 16, 4, 23, 10, 9],
[4, 2, 6, 11, 0, 9, 11, 8, 10, 10, 7, 13, 12, 8, 3],
[11, 9, 8, 11, 9, 0, 4, 13, 10, 18, 16, 10, 17, 1, 10],
[12, 11, 11, 10, 11, 4, 0, 16, 13, 20, 18, 8, 20, 3, 12],
[12, 10, 5, 19, 8, 13, 16, 0, 6, 14, 9, 21, 4, 13, 11],
[14, 12, 4, 19, 10, 10, 13, 6, 0, 18, 14, 20, 8, 11, 13],
[8, 9, 15, 15, 10, 18, 20, 14, 18, 0, 5, 19, 16, 18, 9],
[8, 7, 11, 16, 7, 16, 18, 9, 14, 5, 0, 19, 11, 15, 7],
[11, 12, 16, 4, 13, 10, 8, 21, 20, 19, 19, 0, 25, 9, 12],
[16, 14, 9, 23, 12, 17, 20, 4, 8, 16, 11, 25, 0, 17, 15],
[10, 9, 8, 10, 8, 1, 3, 13, 11, 18, 15, 9, 17, 0, 9],
[1, 1, 9, 9, 3, 10, 12, 11, 13, 9, 7, 12, 15, 9, 0]
   ],
   
//setup on machine: MAQ 9
[   [0, 21, 7, 7, 12, 21, 13, 19, 9, 22, 14, 21, 30, 29, 15],
[21, 0, 14, 20, 9, 13, 20, 23, 20, 4, 20, 24, 18, 12, 7],
[7, 14, 0, 7, 6, 15, 11, 16, 8, 16, 12, 18, 24, 22, 8],
[7, 20, 7, 0, 13, 17, 6, 12, 2, 23, 7, 14, 25, 25, 13],
[12, 9, 6, 13, 0, 15, 16, 21, 14, 10, 16, 22, 23, 19, 6],
[21, 13, 15, 17, 15, 0, 12, 12, 16, 17, 12, 13, 9, 9, 9],
[13, 20, 11, 6, 16, 12, 0, 6, 4, 23, 1, 8, 20, 21, 13],
[19, 23, 16, 12, 21, 12, 6, 0, 10, 27, 5, 2, 17, 21, 16],
[9, 20, 8, 2, 14, 16, 4, 10, 0, 23, 5, 12, 24, 24, 13],
[22, 4, 16, 23, 10, 17, 23, 27, 23, 0, 24, 28, 22, 16, 11],
[14, 20, 12, 7, 16, 12, 1, 5, 5, 24, 0, 7, 19, 21, 13],
[21, 24, 18, 14, 22, 13, 8, 2, 12, 28, 7, 0, 17, 21, 18],
[30, 18, 24, 25, 23, 9, 20, 17, 24, 22, 19, 17, 0, 7, 17],
[29, 12, 22, 25, 19, 9, 21, 21, 24, 16, 21, 21, 7, 0, 14],
[15, 7, 8, 13, 6, 9, 13, 16, 13, 11, 13, 18, 17, 14, 0]
   ],
   
//setup on machine: MAQ 10
[   [0, 12, 10, 8, 12, 13, 9, 10, 3, 8, 1, 11, 8, 18, 10],
[12, 0, 22, 17, 17, 4, 17, 3, 15, 5, 11, 23, 16, 20, 6],
[10, 22, 0, 10, 14, 23, 12, 20, 7, 18, 11, 3, 10, 21, 19],
[8, 17, 10, 0, 19, 16, 2, 16, 7, 12, 9, 13, 15, 26, 17],
[12, 17, 14, 19, 0, 21, 21, 14, 12, 16, 11, 12, 4, 7, 12],
[13, 4, 23, 16, 21, 0, 15, 7, 16, 5, 12, 24, 19, 24, 10],
[9, 17, 12, 2, 21, 15, 0, 17, 9, 12, 10, 15, 17, 27, 18],
[10, 3, 20, 16, 14, 7, 17, 0, 13, 5, 9, 21, 13, 17, 3],
[3, 15, 7, 7, 12, 16, 9, 13, 0, 11, 4, 9, 8, 19, 13],
[8, 5, 18, 12, 16, 5, 12, 5, 11, 0, 7, 19, 14, 20, 7],
[1, 11, 11, 9, 11, 12, 10, 9, 4, 7, 0, 12, 8, 17, 9],
[11, 23, 3, 13, 12, 24, 15, 21, 9, 19, 12, 0, 9, 19, 19],
[8, 16, 10, 15, 4, 19, 17, 13, 8, 14, 8, 9, 0, 11, 11],
[18, 20, 21, 26, 7, 24, 27, 17, 19, 20, 17, 19, 11, 0, 14],
[10, 6, 19, 17, 12, 10, 18, 3, 13, 7, 9, 19, 11, 14, 0]
   ],
   
//setup on machine: MAQ 11
[   [0, 12, 8, 16, 15, 12, 14, 11, 12, 16, 18, 21, 9, 7, 21],
[12, 0, 11, 21, 11, 17, 16, 12, 16, 16, 8, 9, 18, 13, 11],
[8, 11, 0, 10, 19, 6, 6, 3, 5, 8, 19, 17, 7, 14, 16],
[16, 21, 10, 0, 29, 4, 5, 9, 5, 7, 28, 24, 8, 23, 21],
[15, 11, 19, 29, 0, 25, 25, 21, 24, 26, 8, 18, 24, 10, 21],
[12, 17, 6, 4, 25, 0, 4, 5, 1, 6, 24, 21, 5, 19, 19],
[14, 16, 6, 5, 25, 4, 0, 4, 3, 3, 23, 19, 8, 20, 16],
[11, 12, 3, 9, 21, 5, 4, 0, 4, 5, 20, 16, 9, 17, 14],
[12, 16, 5, 5, 24, 1, 3, 4, 0, 6, 24, 20, 6, 18, 18],
[16, 16, 8, 7, 26, 6, 3, 5, 6, 0, 23, 17, 11, 22, 14],
[18, 8, 19, 28, 8, 24, 23, 20, 24, 23, 0, 11, 25, 16, 15],
[21, 9, 17, 24, 18, 21, 19, 16, 20, 17, 11, 0, 24, 22, 4],
[9, 18, 7, 8, 24, 5, 8, 9, 6, 11, 25, 24, 0, 16, 23],
[7, 13, 14, 23, 10, 19, 20, 17, 18, 22, 16, 22, 16, 0, 24],
[21, 11, 16, 21, 21, 19, 16, 14, 18, 14, 15, 4, 23, 24, 0]
   ],
   
//setup on machine: MAQ 12
[   [0, 12, 19, 22, 13, 16, 16, 18, 11, 6, 7, 12, 21, 23, 11],
[12, 0, 20, 24, 15, 5, 17, 16, 23, 9, 6, 22, 18, 23, 18],
[19, 20, 0, 4, 6, 19, 3, 6, 19, 14, 21, 16, 7, 5, 10],
[22, 24, 4, 0, 10, 22, 7, 9, 21, 18, 25, 18, 9, 4, 13],
[13, 15, 6, 10, 0, 15, 3, 7, 15, 8, 15, 12, 9, 11, 6],
[16, 5, 19, 22, 15, 0, 16, 13, 26, 11, 11, 24, 15, 20, 20],
[16, 17, 3, 7, 3, 16, 0, 5, 17, 11, 18, 14, 7, 8, 8],
[18, 16, 6, 9, 7, 13, 5, 0, 22, 12, 18, 19, 3, 7, 13],
[11, 23, 19, 21, 15, 26, 17, 22, 0, 15, 18, 4, 24, 24, 9],
[6, 9, 14, 18, 8, 11, 11, 12, 15, 0, 7, 13, 15, 18, 10],
[7, 6, 21, 25, 15, 11, 18, 18, 18, 7, 0, 18, 21, 25, 16],
[12, 22, 16, 18, 12, 24, 14, 19, 4, 13, 18, 0, 21, 21, 6],
[21, 18, 7, 9, 9, 15, 7, 3, 24, 15, 21, 21, 0, 5, 15],
[23, 23, 5, 4, 11, 20, 8, 7, 24, 18, 25, 21, 5, 0, 15],
[11, 18, 10, 13, 6, 20, 8, 13, 9, 10, 16, 6, 15, 15, 0]
   ],
   
//setup on machine: MAQ 13
[   [0, 21, 10, 12, 8, 22, 6, 4, 20, 11, 12, 4, 17, 17, 17],
[21, 0, 11, 21, 13, 21, 18, 18, 2, 20, 9, 23, 5, 8, 6],
[10, 11, 0, 11, 2, 16, 10, 7, 10, 10, 2, 13, 7, 11, 7],
[12, 21, 11, 0, 10, 11, 16, 8, 19, 1, 13, 10, 16, 22, 15],
[8, 13, 2, 10, 0, 17, 8, 5, 12, 9, 4, 11, 9, 12, 9],
[22, 21, 16, 11, 17, 0, 25, 18, 19, 11, 17, 21, 16, 26, 15],
[6, 18, 10, 16, 8, 25, 0, 8, 18, 16, 11, 10, 16, 13, 16],
[4, 18, 7, 8, 5, 18, 8, 0, 17, 8, 9, 6, 14, 16, 14],
[20, 2, 10, 19, 12, 19, 18, 17, 0, 18, 8, 23, 3, 10, 4],
[11, 20, 10, 1, 9, 11, 16, 8, 18, 0, 12, 10, 15, 21, 14],
[12, 9, 2, 13, 4, 17, 11, 9, 8, 12, 0, 15, 5, 9, 5],
[4, 23, 13, 10, 11, 21, 10, 6, 23, 10, 15, 0, 20, 21, 19],
[17, 5, 7, 16, 9, 16, 16, 14, 3, 15, 5, 20, 0, 11, 1],
[17, 8, 11, 22, 12, 26, 13, 16, 10, 21, 9, 21, 11, 0, 11],
[17, 6, 7, 15, 9, 15, 16, 14, 4, 14, 5, 19, 1, 11, 0]
   ],
   
//setup on machine: MAQ 14
[   [0, 5, 18, 9, 14, 17, 14, 11, 18, 3, 5, 20, 17, 19, 8],
[5, 0, 22, 6, 19, 20, 19, 16, 23, 5, 3, 25, 21, 21, 11],
[18, 22, 0, 21, 6, 8, 14, 12, 7, 20, 20, 6, 2, 12, 11],
[9, 6, 21, 0, 20, 17, 23, 19, 24, 11, 4, 26, 20, 17, 10],
[14, 19, 6, 20, 0, 12, 8, 6, 4, 17, 18, 6, 7, 16, 11],
[17, 20, 8, 17, 12, 0, 19, 16, 14, 20, 17, 14, 6, 4, 9],
[14, 19, 14, 23, 8, 19, 0, 4, 8, 15, 19, 11, 15, 23, 15],
[11, 16, 12, 19, 6, 16, 4, 0, 8, 12, 15, 11, 13, 20, 11],
[18, 23, 7, 24, 4, 14, 8, 8, 0, 20, 21, 3, 9, 18, 14],
[3, 5, 20, 11, 17, 20, 15, 12, 20, 0, 7, 22, 20, 22, 11],
[5, 3, 20, 4, 18, 17, 19, 15, 21, 7, 0, 23, 19, 18, 9],
[20, 25, 6, 26, 6, 14, 11, 11, 3, 22, 23, 0, 8, 18, 16],
[17, 21, 2, 20, 7, 6, 15, 13, 9, 20, 19, 8, 0, 10, 10],
[19, 21, 12, 17, 16, 4, 23, 20, 18, 22, 18, 18, 10, 0, 11],
[8, 11, 11, 10, 11, 9, 15, 11, 14, 11, 9, 16, 10, 11, 0]
   ],
   
//setup on machine: MAQ 15
[   [0, 15, 14, 13, 28, 10, 17, 17, 17, 26, 18, 7, 16, 22, 16],
[15, 0, 9, 2, 20, 6, 14, 12, 24, 19, 7, 18, 22, 11, 24],
[14, 9, 0, 8, 14, 11, 5, 4, 15, 13, 7, 13, 13, 9, 16],
[13, 2, 8, 0, 20, 5, 13, 11, 22, 19, 7, 16, 20, 11, 22],
[28, 20, 14, 20, 0, 24, 12, 11, 22, 2, 13, 26, 20, 9, 24],
[10, 6, 11, 5, 24, 0, 16, 15, 22, 23, 12, 15, 21, 16, 22],
[17, 14, 5, 13, 12, 16, 0, 3, 12, 10, 10, 14, 10, 10, 14],
[17, 12, 4, 11, 11, 15, 3, 0, 15, 9, 7, 15, 13, 8, 16],
[17, 24, 15, 22, 22, 22, 12, 15, 0, 20, 21, 10, 2, 22, 2],
[26, 19, 13, 19, 2, 23, 10, 9, 20, 0, 12, 24, 18, 9, 22],
[18, 7, 7, 7, 13, 12, 10, 7, 21, 12, 0, 19, 19, 4, 22],
[7, 18, 13, 16, 26, 15, 14, 15, 10, 24, 19, 0, 10, 22, 9],
[16, 22, 13, 20, 20, 21, 10, 13, 2, 18, 19, 10, 0, 20, 4],
[22, 11, 9, 11, 9, 16, 10, 8, 22, 9, 4, 22, 20, 0, 24],
[16, 24, 16, 22, 24, 22, 14, 16, 2, 22, 22, 9, 4, 24, 0]
   ]
];