nbJobs = 5;
nbMchs = 5;

OpDurations = [
[93, 41, 60, 86, 5]
[96, 63, 81, 6, 4]
[17, 62, 46, 81, 50]
[61, 55, 26, 85, 78]
[37, 56, 82, 34, 98]
];

setup = [

// INSTANCIA 05X05-6
//setup on machine: MAQ 1
[   [0, 9, 25, 9, 25],
[9, 0, 26, 10, 25],
[25, 26, 0, 17, 2],
[9, 10, 17, 0, 17],
[25, 25, 2, 17, 0]
   ],
//setup on machine: MAQ 2
[   [0, 4, 8, 29, 28],
[4, 0, 9, 28, 28],
[8, 9, 0, 22, 21],
[29, 28, 22, 0, 3],
[28, 28, 21, 3, 0]
   ],
//setup on machine: MAQ 3
[   [0, 8, 8, 11, 19],
[8, 0, 13, 18, 26],
[8, 13, 0, 16, 15],
[11, 18, 16, 0, 17],
[19, 26, 15, 17, 0]
   ],
//setup on machine: MAQ 4
[   [0, 18, 9, 16, 17],
[18, 0, 19, 7, 16],
[9, 19, 0, 14, 24],
[16, 7, 14, 0, 20],
[17, 16, 24, 20, 0]
   ],
//setup on machine: MAQ 5
[   [0, 11, 22, 18, 10],
[11, 0, 12, 16, 6],
[22, 12, 0, 18, 13],
[18, 16, 18, 0, 11],
[10, 6, 13, 11, 0]
   ]
];