// INSTANCIA 10X10-02
nbJobs = 10;
nbMchs = 10;

OpDurations = [
[77, 30, 97, 36, 97, 36, 51, 95, 18, 50]
[81, 64, 12, 88, 45, 26, 98, 3, 90, 6]
[43, 51, 53, 46, 49, 31, 73, 39, 9, 87]
[75, 2, 66, 13, 93, 71, 21, 4, 57, 95]
[67, 14, 58, 65, 55, 88, 91, 15, 29, 22]
[45, 76, 59, 51, 32, 4, 36, 38, 46, 96]
[51, 84, 33, 28, 89, 6, 10, 76, 93, 3]
[87, 68, 33, 10, 82, 86, 91, 87, 23, 14]
[16, 50, 2, 54, 4, 17, 18, 23, 83, 59]
[46, 73, 18, 61, 19, 55, 29, 88, 53, 14]
];

setup = [
//setup on machine: MAQ 1
[   [0, 21, 20, 27, 28, 22, 30, 25, 22, 21],
[21, 0, 16, 6, 18, 18, 10, 22, 1, 6],
[20, 16, 0, 17, 8, 2, 17, 6, 16, 11],
[27, 6, 17, 0, 16, 18, 4, 22, 6, 7],
[28, 18, 8, 16, 0, 7, 14, 8, 17, 12],
[22, 18, 2, 18, 7, 0, 17, 4, 17, 12],
[30, 10, 17, 4, 14, 17, 0, 21, 9, 9],
[25, 22, 6, 22, 8, 4, 21, 0, 21, 16],
[22, 1, 16, 6, 17, 17, 9, 21, 0, 5],
[21, 6, 11, 7, 12, 12, 9, 16, 5, 0]
   ],
//setup on machine: MAQ 2
[   [0, 18, 10, 13, 14, 23, 14, 5, 23, 16],
[18, 0, 9, 21, 21, 5, 7, 20, 8, 16],
[10, 9, 0, 18, 13, 13, 4, 12, 15, 15],
[13, 21, 18, 0, 27, 26, 21, 18, 21, 7],
[14, 21, 13, 27, 0, 23, 14, 10, 28, 27],
[23, 5, 13, 26, 23, 0, 10, 25, 9, 20],
[14, 7, 4, 21, 14, 10, 0, 15, 15, 18],
[5, 20, 12, 18, 10, 25, 15, 0, 26, 20],
[23, 8, 15, 21, 28, 9, 15, 26, 0, 14],
[16, 16, 15, 7, 27, 20, 18, 20, 14, 0]
   ],
//setup on machine: MAQ 3
[   [0, 7, 17, 13, 14, 23, 20, 8, 2, 15],
[7, 0, 18, 19, 21, 27, 27, 13, 9, 21],
[17, 18, 0, 16, 23, 15, 25, 23, 17, 18],
[13, 19, 16, 0, 8, 11, 10, 14, 11, 3],
[14, 21, 23, 8, 0, 19, 7, 10, 12, 7],
[23, 27, 15, 11, 19, 0, 16, 25, 21, 12],
[20, 27, 25, 10, 7, 16, 0, 17, 18, 7],
[8, 13, 23, 14, 10, 25, 17, 0, 6, 14],
[2, 9, 17, 11, 12, 21, 18, 6, 0, 13],
[15, 21, 18, 3, 7, 12, 7, 14, 13, 0]
   ],
//setup on machine: MAQ 4
[   [0, 18, 11, 14, 19, 3, 11, 8, 9, 18],
[18, 0, 12, 11, 13, 15, 15, 13, 18, 3],
[11, 12, 0, 3, 21, 9, 17, 13, 17, 14],
[14, 11, 3, 0, 22, 12, 19, 15, 20, 14],
[19, 13, 21, 22, 0, 17, 9, 11, 13, 11],
[3, 15, 9, 12, 17, 0, 10, 6, 9, 15],
[11, 15, 17, 19, 9, 10, 0, 4, 4, 14],
[8, 13, 13, 15, 11, 6, 4, 0, 5, 12],
[9, 18, 17, 20, 13, 9, 4, 5, 0, 17],
[18, 3, 14, 14, 11, 15, 14, 12, 17, 0]
   ],
//setup on machine: MAQ 5
[   [0, 29, 26, 13, 15, 23, 5, 29, 12, 13],
[29, 0, 6, 16, 14, 16, 24, 11, 20, 28],
[26, 6, 0, 13, 11, 18, 21, 6, 19, 23],
[13, 16, 13, 0, 2, 16, 8, 17, 9, 14],
[15, 14, 11, 2, 0, 14, 10, 15, 9, 16],
[23, 16, 18, 16, 14, 0, 20, 24, 11, 30],
[5, 24, 21, 8, 10, 20, 0, 24, 9, 12],
[29, 11, 6, 17, 15, 24, 24, 0, 24, 23],
[12, 20, 19, 9, 9, 11, 9, 24, 0, 20],
[13, 28, 23, 14, 16, 30, 12, 23, 20, 0]
   ],
//setup on machine: MAQ 6
[   [0, 11, 10, 8, 24, 17, 12, 4, 19, 24],
[11, 0, 9, 16, 15, 13, 12, 13, 12, 13],
[10, 9, 0, 9, 15, 7, 18, 13, 10, 18],
[8, 16, 9, 0, 24, 15, 19, 11, 19, 27],
[24, 15, 15, 24, 0, 9, 27, 26, 5, 9],
[17, 13, 7, 15, 9, 0, 24, 20, 4, 15],
[12, 12, 18, 19, 27, 24, 0, 9, 24, 24],
[4, 13, 13, 11, 26, 20, 9, 0, 22, 26],
[19, 12, 10, 19, 5, 4, 24, 22, 0, 11],
[24, 13, 18, 27, 9, 15, 24, 26, 11, 0]
   ],
//setup on machine: MAQ 7
[   [0, 30, 24, 15, 14, 20, 20, 5, 12, 21],
[30, 0, 12, 23, 18, 22, 13, 28, 19, 15],
[24, 12, 0, 12, 17, 10, 15, 24, 16, 4],
[15, 23, 12, 0, 16, 5, 19, 17, 13, 9],
[14, 18, 17, 16, 0, 20, 6, 10, 3, 16],
[20, 22, 10, 5, 20, 0, 21, 22, 17, 7],
[20, 13, 15, 19, 6, 21, 0, 16, 9, 16],
[5, 28, 24, 17, 10, 22, 16, 0, 9, 21],
[12, 19, 16, 13, 3, 17, 9, 9, 0, 14],
[21, 15, 4, 9, 16, 7, 16, 21, 14, 0]
   ],
//setup on machine: MAQ 8
[   [0, 23, 13, 7, 12, 21, 29, 11, 30, 24],
[23, 0, 28, 20, 15, 22, 13, 22, 14, 11],
[13, 28, 0, 20, 13, 13, 28, 6, 29, 23],
[7, 20, 20, 0, 13, 25, 29, 16, 30, 24],
[12, 15, 13, 13, 0, 12, 18, 7, 19, 13],
[21, 22, 13, 25, 12, 0, 17, 11, 18, 14],
[29, 13, 28, 29, 18, 17, 0, 23, 1, 5],
[11, 22, 6, 16, 7, 11, 23, 0, 24, 18],
[30, 14, 29, 30, 19, 18, 1, 24, 0, 6],
[24, 11, 23, 24, 13, 14, 5, 18, 6, 0]
   ],
//setup on machine: MAQ 9
[   [0, 20, 14, 9, 16, 18, 10, 2, 21, 19],
[20, 0, 20, 29, 10, 13, 20, 19, 8, 12],
[14, 20, 0, 18, 10, 26, 23, 12, 25, 26],
[9, 29, 18, 0, 23, 26, 17, 10, 30, 28],
[16, 10, 10, 23, 0, 19, 21, 14, 16, 19],
[18, 13, 26, 26, 19, 0, 11, 18, 7, 2],
[10, 20, 23, 17, 21, 11, 0, 12, 17, 13],
[2, 19, 12, 10, 14, 18, 12, 0, 21, 20],
[21, 8, 25, 30, 16, 7, 17, 21, 0, 5],
[19, 12, 26, 28, 19, 2, 13, 20, 5, 0]
   ],
//setup on machine: MAQ 10
[   [0, 28, 28, 28, 19, 12, 23, 14, 14, 13],
[28, 0, 18, 3, 21, 20, 21, 20, 14, 20],
[28, 18, 0, 21, 10, 16, 6, 29, 17, 28],
[28, 3, 21, 0, 23, 21, 24, 19, 15, 19],
[19, 21, 10, 23, 0, 8, 4, 24, 12, 23],
[12, 20, 16, 21, 8, 0, 12, 16, 7, 16],
[23, 21, 6, 24, 4, 12, 0, 27, 15, 26],
[14, 20, 29, 19, 24, 16, 27, 0, 12, 1],
[14, 14, 17, 15, 12, 7, 15, 12, 0, 11],
[13, 20, 28, 19, 23, 16, 26, 1, 11, 0]
   ]
];