// INSTANCIA 5X5-10
nbJobs = 5;
nbMchs = 5;

OpDurations = [
[90, 36, 87, 17, 59]
[14, 56, 93, 99, 32]
[59, 97, 45, 44, 40]
[67, 49, 50, 81, 30]
[91, 74, 25, 76, 53]
];

setup = [
//setup on machine: MAQ 0
[   [0, 7, 10, 24, 26],
[7, 0, 16, 29, 29],
[10, 16, 0, 25, 30],
[24, 29, 25, 0, 9],
[26, 29, 30, 9, 0]
   ],

//setup on machine: MAQ 1
[   [0, 11, 24, 22, 16],
[11, 0, 21, 17, 19],
[24, 21, 0, 6, 11],
[22, 17, 6, 0, 13],
[16, 19, 11, 13, 0]
   ],

//setup on machine: MAQ 2
[   [0, 23, 21, 29, 16],
[23, 0,	4, 20, 17],
[21, 4,	0, 23, 18],
[29, 20, 23, 0, 14],
[16, 17, 18, 14, 0]
   ],

//setup on machine: MAQ 3
[   [0, 11, 10, 21, 20],
[11, 0, 19, 28, 21],
[10, 19, 0, 27, 29],
[21, 28, 27, 0, 12],
[20, 21, 29, 12, 0]
   ],

//setup on machine: MAQ 4
[   [0, 20, 8, 22, 18],
[20, 0, 13, 13, 7],
[8, 13,	0, 19, 13],
[22, 13, 19, 0,	7],
[18, 7, 13, 7, 0]
   ]
];