// INSTANCIA FGSSP 15x15-05
nbJobs = 15;
nbMchs = 15;

OpDurations = [
[58, 93, 15, 65, 96, 69, 23, 82, 22,  58,  84,  26,  41,   4,  90]
[60, 37, 66, 22, 74, 55, 86, 73, 63,  66,  64,  71,  32,  86,  51]
[26, 95, 39, 46, 86, 95, 33, 26, 22,  26,  43,  16,  56,  90,  77]
[47, 96, 21, 30, 18, 64, 74, 78, 75,  79,  63,  32,  80,  91,  29]
[83, 76, 47, 41, 39, 91, 58, 82,  4,  61,  33,  70,  94,  95,  16]
[41, 89, 12, 89, 38, 77, 49, 20,  3,  69,  57,  63,  12,  14,  93]
[94, 63, 10, 70, 91, 67, 69, 64, 10,  38,  10,  66,  73,  78,  55]
[85, 29, 66, 49, 90, 49, 89, 58, 94,  14,  57,  36,  30,  78,  38]
[56, 33, 53, 92, 24, 49, 74,  1, 43,  81,  36,  45,  84,  31,  84] 
[74, 14, 38, 76, 76, 62, 16, 48, 87,  31,  63,  26,  64,  85,  99]
[38, 31, 28,  8, 78,  9, 42, 41, 47,  38,  92,  96,  27,  30,  35]
[89, 11, 65, 19, 36, 45, 36, 42, 69,  50,   6,  28,  74,  58,  31]
[76, 72,  2, 66, 64, 52, 58, 81, 18,  56,  11,  15,  21,  37,  90]
[83, 23, 43, 55,  6, 43, 51, 17, 43,  22,  96,  72,  23,  86,  61]
[36, 38, 58, 84, 51, 95, 28, 35, 76,  80,  63,  52,  72,  17,  50]
];

setup = [
//setup on machine: MAQ 1
[   [0, 17, 13, 5, 10, 11, 11, 8, 7, 6, 11, 15, 1, 8, 9],
[17, 0, 30, 21, 24, 21, 9, 16, 22, 22, 16, 2, 17, 23, 16],
[13, 30, 0, 9, 8, 13, 24, 19, 12, 10, 22, 28, 14, 7, 20],
[5, 21, 9, 0, 5, 7, 16, 13, 9, 7, 16, 19, 6, 3, 14],
[10, 24, 8, 5, 0, 5, 21, 18, 13, 11, 21, 23, 11, 2, 19],
[11, 21, 13, 7, 5, 0, 20, 19, 16, 14, 22, 21, 12, 6, 20],
[11, 9, 24, 16, 21, 20, 0, 7, 14, 15, 7, 7, 11, 19, 7],
[8, 16, 19, 13, 18, 19, 7, 0, 8, 9, 3, 14, 7, 16, 1],
[7, 22, 12, 9, 13, 16, 14, 8, 0, 2, 10, 20, 6, 11, 9],
[6, 22, 10, 7, 11, 14, 15, 9, 2, 0, 12, 20, 5, 9, 10],
[11, 16, 22, 16, 21, 22, 7, 3, 10, 12, 0, 14, 10, 19, 2],
[15, 2, 28, 19, 23, 21, 7, 14, 20, 20, 14, 0, 15, 22, 14],
[1, 17, 14, 6, 11, 12, 11, 7, 6, 5, 10, 15, 0, 9, 8],
[8, 23, 7, 3, 2, 6, 19, 16, 11, 9, 19, 22, 9, 0, 17],
[9, 16, 20, 14, 19, 20, 7, 1, 9, 10, 2, 14, 8, 17, 0]
   ],
   
//setup on machine: MAQ 2
[   [0, 13, 9, 18, 19, 13, 7, 16, 15, 9, 15, 9, 4, 17, 18],
[13, 0, 9, 8, 22, 10, 18, 14, 14, 16, 5, 19, 14, 4, 7],
[9, 9, 0, 16, 25, 15, 15, 19, 19, 16, 8, 17, 7, 12, 16],
[18, 8, 16, 0, 19, 7, 21, 9, 10, 17, 12, 20, 20, 7, 2],
[19, 22, 25, 19, 0, 13, 15, 10, 9, 10, 27, 12, 23, 24, 21],
[13, 10, 15, 7, 13, 0, 14, 4, 4, 10, 15, 13, 16, 11, 9],
[7, 18, 15, 21, 15, 14, 0, 16, 14, 5, 21, 3, 10, 21, 22],
[16, 14, 19, 9, 10, 4, 16, 0, 2, 11, 19, 15, 20, 14, 11],
[15, 14, 19, 10, 9, 4, 14, 2, 0, 9, 19, 13, 19, 15, 12],
[9, 16, 16, 17, 10, 10, 5, 11, 9, 0, 20, 4, 13, 19, 18],
[15, 5, 8, 12, 27, 15, 21, 19, 19, 20, 0, 23, 15, 6, 11],
[9, 19, 17, 20, 12, 13, 3, 15, 13, 4, 23, 0, 13, 22, 22],
[4, 14, 7, 20, 23, 16, 10, 20, 19, 13, 15, 13, 0, 18, 21],
[17, 4, 12, 7, 24, 11, 21, 14, 15, 19, 6, 22, 18, 0, 5],
[18, 7, 16, 2, 21, 9, 22, 11, 12, 18, 11, 22, 21, 5, 0]
   ],
   
//setup on machine: MAQ 3
[   [0, 17, 9, 5, 16, 14, 15, 8, 19, 13, 10, 16, 10, 19, 19],
[17, 0, 9, 12, 2, 4, 12, 18, 2, 9, 12, 5, 9, 12, 13],
[9, 9, 0, 6, 7, 5, 8, 14, 11, 11, 4, 7, 8, 11, 11],
[5, 12, 6, 0, 11, 10, 14, 8, 14, 8, 9, 13, 5, 17, 17],
[16, 2, 7, 11, 0, 2, 10, 18, 4, 10, 10, 4, 9, 10, 11],
[14, 4, 5, 10, 2, 0, 8, 17, 6, 11, 8, 3, 9, 9, 10],
[15, 12, 8, 14, 10, 8, 0, 21, 13, 18, 5, 7, 16, 4, 4],
[8, 18, 14, 8, 18, 17, 21, 0, 20, 10, 17, 20, 9, 25, 25],
[19, 2, 11, 14, 4, 6, 13, 20, 0, 11, 13, 6, 11, 12, 13],
[13, 9, 11, 8, 10, 11, 18, 10, 11, 0, 15, 14, 3, 20, 21],
[10, 12, 4, 9, 10, 8, 5, 17, 13, 15, 0, 8, 12, 9, 9],
[16, 5, 7, 13, 4, 3, 7, 20, 6, 14, 8, 0, 12, 7, 8],
[10, 9, 8, 5, 9, 9, 16, 9, 11, 3, 12, 12, 0, 18, 18],
[19, 12, 11, 17, 10, 9, 4, 25, 12, 20, 9, 7, 18, 0, 1],
[19, 13, 11, 17, 11, 10, 4, 25, 13, 21, 9, 8, 18, 1, 0]
   ],
   
//setup on machine: MAQ 4
[   [0, 12, 23, 17, 11, 20, 5, 11, 17, 4, 18, 10, 26, 21, 10],
[12, 0, 13, 5, 12, 21, 7, 20, 15, 14, 18, 3, 27, 14, 17],
[23, 13, 0, 8, 15, 19, 19, 26, 12, 23, 16, 14, 23, 6, 22],
[17, 5, 8, 0, 13, 21, 12, 23, 14, 18, 18, 7, 26, 11, 20],
[11, 12, 15, 13, 0, 10, 11, 11, 6, 9, 7, 9, 16, 11, 7],
[20, 21, 19, 21, 10, 0, 21, 14, 7, 17, 3, 19, 6, 13, 11],
[5, 7, 19, 12, 11, 21, 0, 15, 16, 8, 18, 5, 27, 18, 13],
[11, 20, 26, 23, 11, 14, 15, 0, 16, 7, 14, 17, 19, 22, 4],
[17, 15, 12, 14, 6, 7, 16, 16, 0, 15, 4, 13, 13, 7, 12],
[4, 14, 23, 18, 9, 17, 8, 7, 15, 0, 15, 11, 23, 20, 6],
[18, 18, 16, 18, 7, 3, 18, 14, 4, 15, 0, 16, 9, 10, 10],
[10, 3, 14, 7, 9, 19, 5, 17, 13, 11, 16, 0, 25, 13, 14],
[26, 27, 23, 26, 16, 6, 27, 19, 13, 23, 9, 25, 0, 17, 17],
[21, 14, 6, 11, 11, 13, 18, 22, 7, 20, 10, 13, 17, 0, 18],
[10, 17, 22, 20, 7, 11, 13, 4, 12, 6, 10, 14, 17, 18, 0]
   ],
   
//setup on machine: MAQ 5
[   [0, 21, 13, 5, 9, 21, 15, 9, 3, 21, 11, 16, 16, 10, 15],
[21, 0, 9, 18, 23, 3, 10, 12, 18, 12, 14, 6, 22, 20, 15],
[13, 9, 0, 11, 14, 8, 4, 4, 10, 16, 11, 8, 14, 11, 8],
[5, 18, 11, 0, 14, 19, 15, 7, 5, 16, 6, 12, 19, 13, 16],
[9, 23, 14, 14, 0, 22, 14, 13, 9, 28, 19, 21, 8, 4, 11],
[21, 3, 8, 19, 22, 0, 8, 12, 18, 15, 16, 9, 20, 18, 13],
[15, 10, 4, 15, 14, 8, 0, 8, 12, 19, 15, 11, 12, 10, 5],
[9, 12, 4, 7, 13, 12, 8, 0, 6, 16, 8, 9, 15, 10, 10],
[3, 18, 10, 5, 9, 18, 12, 6, 0, 20, 11, 14, 14, 8, 12],
[21, 12, 16, 16, 28, 15, 19, 16, 20, 0, 10, 8, 30, 25, 24],
[11, 14, 11, 6, 19, 16, 15, 8, 11, 10, 0, 8, 23, 17, 18],
[16, 6, 8, 12, 21, 9, 11, 9, 14, 8, 8, 0, 22, 18, 16],
[16, 22, 14, 19, 8, 20, 12, 15, 14, 30, 23, 22, 0, 6, 7],
[10, 20, 11, 13, 4, 18, 10, 10, 8, 25, 17, 18, 6, 0, 7],
[15, 15, 8, 16, 11, 13, 5, 10, 12, 24, 18, 16, 7, 7, 0]
   ],
   
//setup on machine: MAQ 6
[   [0, 14, 21, 12, 19, 3, 16, 22, 16, 17, 13, 13, 22, 10, 18],
[14, 0, 14, 23, 9, 17, 19, 23, 17, 15, 26, 7, 25, 7, 19],
[21, 14, 0, 22, 6, 22, 12, 12, 10, 6, 26, 9, 15, 20, 10],
[12, 23, 22, 0, 23, 9, 11, 16, 13, 16, 4, 18, 15, 21, 14],
[19, 9, 6, 23, 0, 20, 15, 17, 13, 10, 27, 6, 20, 15, 14],
[3, 17, 22, 9, 20, 0, 15, 21, 15, 17, 10, 14, 21, 13, 17],
[16, 19, 12, 11, 15, 15, 0, 6, 2, 6, 15, 12, 7, 21, 3],
[22, 23, 12, 16, 17, 21, 6, 0, 6, 8, 20, 16, 3, 26, 4],
[16, 17, 10, 13, 13, 15, 2, 6, 0, 4, 17, 10, 8, 20, 2],
[17, 15, 6, 16, 10, 17, 6, 8, 4, 0, 20, 9, 10, 19, 4],
[13, 26, 26, 4, 27, 10, 15, 20, 17, 20, 0, 22, 19, 23, 18],
[13, 7, 9, 18, 6, 14, 12, 16, 10, 9, 22, 0, 18, 11, 12],
[22, 25, 15, 15, 20, 21, 7, 3, 8, 10, 19, 18, 0, 28, 6],
[10, 7, 20, 21, 15, 13, 21, 26, 20, 19, 23, 11, 28, 0, 22],
[18, 19, 10, 14, 14, 17, 3, 4, 2, 4, 18, 12, 6, 22, 0]
   ],
   
//setup on machine: MAQ 7
[   [0, 18, 20, 7, 20, 8, 15, 14, 19, 16, 13, 3, 5, 17, 18],
[18, 0, 5, 15, 13, 14, 12, 7, 5, 13, 22, 16, 18, 8, 5],
[20, 5, 0, 16, 18, 18, 10, 11, 10, 18, 21, 18, 19, 5, 10],
[7, 15, 16, 0, 22, 12, 8, 14, 18, 18, 8, 4, 4, 11, 17],
[20, 13, 18, 22, 0, 12, 23, 9, 8, 5, 30, 21, 23, 20, 8],
[8, 14, 18, 12, 12, 0, 17, 8, 13, 8, 19, 9, 12, 17, 12],
[15, 12, 10, 8, 23, 17, 0, 15, 17, 21, 11, 12, 11, 5, 16],
[14, 7, 11, 14, 9, 8, 15, 0, 5, 7, 22, 13, 16, 12, 4],
[19, 5, 10, 18, 8, 13, 17, 5, 0, 9, 25, 18, 20, 13, 1],
[16, 13, 18, 18, 5, 8, 21, 7, 9, 0, 26, 16, 19, 19, 9],
[13, 22, 21, 8, 30, 19, 11, 22, 25, 26, 0, 10, 8, 16, 25],
[3, 16, 18, 4, 21, 9, 12, 13, 18, 16, 10, 0, 3, 14, 17],
[5, 18, 19, 4, 23, 12, 11, 16, 20, 19, 8, 3, 0, 15, 19],
[17, 8, 5, 11, 20, 17, 5, 12, 13, 19, 16, 14, 15, 0, 13],
[18, 5, 10, 17, 8, 12, 16, 4, 1, 9, 25, 17, 19, 13, 0]
   ],
   
//setup on machine: MAQ 8
[   [0, 3, 20, 5, 11, 10, 15, 17, 17, 20, 22, 14, 15, 13, 6],
[3, 0, 17, 4, 9, 7, 12, 14, 16, 18, 20, 13, 13, 11, 6],
[20, 17, 0, 16, 11, 10, 5, 3, 16, 8, 8, 16, 12, 16, 18],
[5, 4, 16, 0, 11, 8, 11, 14, 12, 15, 17, 9, 10, 14, 3],
[11, 9, 11, 11, 0, 4, 8, 8, 18, 16, 17, 17, 15, 5, 13],
[10, 7, 10, 8, 4, 0, 5, 7, 14, 13, 14, 13, 11, 9, 10],
[15, 12, 5, 11, 8, 5, 0, 3, 13, 8, 10, 13, 9, 13, 13],
[17, 14, 3, 14, 8, 7, 3, 0, 16, 9, 10, 16, 12, 13, 16],
[17, 16, 16, 12, 18, 14, 13, 16, 0, 9, 11, 3, 4, 23, 11],
[20, 18, 8, 15, 16, 13, 8, 9, 9, 0, 2, 11, 7, 21, 16],
[22, 20, 8, 17, 17, 14, 10, 10, 11, 2, 0, 13, 9, 22, 18],
[14, 13, 16, 9, 17, 13, 13, 16, 3, 11, 13, 0, 4, 22, 8],
[15, 13, 12, 10, 15, 11, 9, 12, 4, 7, 9, 4, 0, 20, 10],
[13, 11, 16, 14, 5, 9, 13, 13, 23, 21, 22, 22, 20, 0, 17],
[6, 6, 18, 3, 13, 10, 13, 16, 11, 16, 18, 8, 10, 17, 0]
   ],
   
//setup on machine: MAQ 9
[   [0, 13, 8, 25, 11, 14, 17, 20, 2, 12, 7, 9, 6, 18, 11],
[13, 0, 5, 15, 8, 4, 13, 11, 11, 3, 9, 15, 15, 9, 5],
[8, 5, 0, 19, 7, 7, 13, 14, 6, 5, 5, 11, 10, 12, 5],
[25, 15, 19, 0, 23, 17, 11, 21, 24, 14, 19, 23, 24, 8, 20],
[11, 8, 7, 23, 0, 6, 20, 9, 9, 10, 12, 18, 16, 17, 3],
[14, 4, 7, 17, 6, 0, 16, 7, 12, 6, 12, 18, 17, 12, 4],
[17, 13, 13, 11, 20, 16, 0, 23, 16, 10, 10, 12, 14, 5, 17],
[20, 11, 14, 21, 9, 7, 23, 0, 18, 13, 19, 25, 24, 18, 9],
[2, 11, 6, 24, 9, 12, 16, 18, 0, 11, 6, 9, 7, 17, 9],
[12, 3, 5, 14, 10, 6, 10, 13, 11, 0, 7, 13, 13, 7, 7],
[7, 9, 5, 19, 12, 12, 10, 19, 6, 7, 0, 6, 6, 11, 10],
[9, 15, 11, 23, 18, 18, 12, 25, 9, 13, 6, 0, 3, 15, 16],
[6, 15, 10, 24, 16, 17, 14, 24, 7, 13, 6, 3, 0, 17, 15],
[18, 9, 12, 8, 17, 12, 5, 18, 17, 7, 11, 15, 17, 0, 14],
[11, 5, 5, 20, 3, 4, 17, 9, 9, 7, 10, 16, 15, 14, 0]
   ],
   
//setup on machine: MAQ 10
[   [0, 19, 23, 11, 20, 23, 4, 18, 11, 16, 19, 22, 8, 22, 10],
[19, 0, 17, 8, 4, 13, 21, 10, 9, 11, 16, 6, 22, 4, 10],
[23, 17, 0, 18, 14, 5, 21, 7, 18, 8, 4, 13, 19, 15, 19],
[11, 8, 18, 0, 9, 16, 14, 11, 1, 10, 15, 12, 15, 11, 2],
[20, 4, 14, 9, 0, 9, 21, 7, 10, 8, 13, 3, 21, 3, 11],
[23, 13, 5, 16, 9, 0, 22, 5, 17, 7, 7, 8, 21, 10, 17],
[4, 21, 21, 14, 21, 22, 0, 18, 13, 16, 17, 23, 4, 24, 13],
[18, 10, 7, 11, 7, 5, 18, 0, 12, 2, 6, 8, 17, 9, 13],
[11, 9, 18, 1, 10, 17, 13, 12, 0, 11, 16, 13, 15, 12, 1],
[16, 11, 8, 10, 8, 7, 16, 2, 11, 0, 5, 9, 15, 11, 11],
[19, 16, 4, 15, 13, 7, 17, 6, 16, 5, 0, 13, 15, 15, 16],
[22, 6, 13, 12, 3, 8, 23, 8, 13, 9, 13, 0, 23, 2, 14],
[8, 22, 19, 15, 21, 21, 4, 17, 15, 15, 15, 23, 0, 24, 15],
[22, 4, 15, 11, 3, 10, 24, 9, 12, 11, 15, 2, 24, 0, 13],
[10, 10, 19, 2, 11, 17, 13, 13, 1, 11, 16, 14, 15, 13, 0]
   ],
   
//setup on machine: MAQ 11
[   [0, 3, 7, 13, 6, 8, 18, 13, 13, 11, 14, 8, 7, 5, 16],
[3, 0, 9, 10, 4, 6, 20, 15, 16, 8, 16, 5, 10, 7, 15],
[7, 9, 0, 15, 13, 8, 11, 6, 14, 17, 7, 13, 11, 11, 12],
[13, 10, 15, 0, 10, 7, 24, 20, 26, 8, 20, 7, 20, 17, 12],
[6, 4, 13, 10, 0, 9, 24, 19, 18, 5, 20, 4, 11, 8, 18],
[8, 6, 8, 7, 9, 0, 17, 13, 20, 11, 14, 7, 15, 13, 9],
[18, 20, 11, 24, 24, 17, 0, 5, 19, 27, 4, 24, 20, 22, 15],
[13, 15, 6, 20, 19, 13, 5, 0, 15, 23, 1, 19, 16, 17, 13],
[13, 16, 14, 26, 18, 20, 19, 15, 0, 23, 16, 21, 7, 11, 26],
[11, 8, 17, 8, 5, 11, 27, 23, 23, 0, 23, 4, 16, 13, 19],
[14, 16, 7, 20, 20, 14, 4, 1, 16, 23, 0, 20, 16, 18, 13],
[8, 5, 13, 7, 4, 7, 24, 19, 21, 4, 20, 0, 14, 11, 16],
[7, 10, 11, 20, 11, 15, 20, 16, 7, 16, 16, 14, 0, 4, 22],
[5, 7, 11, 17, 8, 13, 22, 17, 11, 13, 18, 11, 4, 0, 21],
[16, 15, 12, 12, 18, 9, 15, 13, 26, 19, 13, 16, 22, 21, 0]
   ],
   
//setup on machine: MAQ 12
[   [0, 22, 18, 7, 16, 2, 3, 25, 13, 8, 23, 16, 19, 16, 14],
[22, 0, 21, 15, 13, 22, 19, 4, 20, 15, 7, 6, 3, 10, 23],
[18, 21, 0, 15, 8, 16, 18, 25, 28, 18, 17, 17, 18, 11, 5],
[7, 15, 15, 0, 10, 7, 5, 18, 13, 3, 16, 9, 12, 9, 13],
[16, 13, 8, 10, 0, 15, 15, 17, 23, 13, 9, 9, 10, 3, 11],
[2, 22, 16, 7, 15, 0, 4, 25, 15, 9, 23, 16, 19, 15, 12],
[3, 19, 18, 5, 15, 4, 0, 22, 11, 5, 21, 14, 17, 14, 15],
[25, 4, 25, 18, 17, 25, 22, 0, 21, 17, 10, 9, 7, 14, 27],
[13, 20, 28, 13, 23, 15, 11, 21, 0, 10, 25, 17, 19, 21, 26],
[8, 15, 18, 3, 13, 9, 5, 17, 10, 0, 17, 9, 12, 11, 16],
[23, 7, 17, 16, 9, 23, 21, 10, 25, 17, 0, 9, 6, 8, 20],
[16, 6, 17, 9, 9, 16, 14, 9, 17, 9, 9, 0, 3, 6, 18],
[19, 3, 18, 12, 10, 19, 17, 7, 19, 12, 6, 3, 0, 7, 20],
[16, 10, 11, 9, 3, 15, 14, 14, 21, 11, 8, 6, 7, 0, 13],
[14, 23, 5, 13, 11, 12, 15, 27, 26, 16, 20, 18, 20, 13, 0]
   ],
   
//setup on machine: MAQ 13
[   [0, 10, 13, 25, 17, 23, 1, 14, 22, 7, 14, 3, 10, 13, 16],
[10, 0, 13, 19, 17, 16, 10, 17, 18, 16, 8, 13, 9, 8, 19],
[13, 13, 0, 13, 4, 12, 14, 5, 9, 13, 8, 15, 4, 6, 7],
[25, 19, 13, 0, 11, 3, 26, 17, 5, 26, 11, 27, 15, 12, 18],
[17, 17, 4, 11, 0, 11, 18, 6, 6, 17, 10, 19, 8, 9, 7],
[23, 16, 12, 3, 11, 0, 24, 16, 6, 25, 9, 25, 13, 10, 18],
[1, 10, 14, 26, 18, 24, 0, 15, 22, 7, 15, 3, 11, 14, 16],
[14, 17, 5, 17, 6, 16, 15, 0, 12, 12, 13, 15, 8, 11, 2],
[22, 18, 9, 5, 6, 6, 22, 12, 0, 22, 10, 24, 12, 10, 13],
[7, 16, 13, 26, 17, 25, 7, 12, 22, 0, 17, 5, 12, 16, 12],
[14, 8, 8, 11, 10, 9, 15, 13, 10, 17, 0, 17, 6, 2, 15],
[3, 13, 15, 27, 19, 25, 3, 15, 24, 5, 17, 0, 12, 16, 16],
[10, 9, 4, 15, 8, 13, 11, 8, 12, 12, 6, 12, 0, 4, 10],
[13, 8, 6, 12, 9, 10, 14, 11, 10, 16, 2, 16, 4, 0, 13],
[16, 19, 7, 18, 7, 18, 16, 2, 13, 12, 15, 16, 10, 13, 0]
   ],
   
//setup on machine: MAQ 14
[   [0, 7, 8, 12, 2, 17, 10, 10, 5, 12, 14, 8, 11, 11, 18],
[7, 0, 3, 14, 5, 11, 7, 13, 11, 9, 9, 4, 7, 5, 11],
[8, 3, 0, 17, 7, 9, 10, 16, 11, 12, 12, 7, 4, 7, 12],
[12, 14, 17, 0, 12, 25, 9, 2, 16, 8, 12, 11, 21, 14, 20],
[2, 5, 7, 12, 0, 15, 8, 10, 7, 10, 12, 6, 10, 9, 16],
[17, 11, 9, 25, 15, 0, 16, 24, 19, 18, 16, 14, 6, 12, 11],
[10, 7, 10, 9, 8, 16, 0, 9, 15, 2, 4, 3, 14, 5, 11],
[10, 13, 16, 2, 10, 24, 9, 0, 14, 9, 13, 10, 20, 14, 20],
[5, 11, 11, 16, 7, 19, 15, 14, 0, 17, 19, 13, 13, 16, 22],
[12, 9, 12, 8, 10, 18, 2, 9, 17, 0, 4, 5, 16, 6, 12],
[14, 9, 12, 12, 12, 16, 4, 13, 19, 4, 0, 6, 15, 5, 8],
[8, 4, 7, 11, 6, 14, 3, 10, 13, 5, 6, 0, 11, 4, 11],
[11, 7, 4, 21, 10, 6, 14, 20, 13, 16, 15, 11, 0, 10, 13],
[11, 5, 7, 14, 9, 12, 5, 14, 16, 6, 5, 4, 10, 0, 7],
[18, 11, 12, 20, 16, 11, 11, 20, 22, 12, 8, 11, 13, 7, 0]
   ],
   
//setup on machine: MAQ 15
[   [0, 18, 12, 23, 10, 9, 23, 8, 28, 4, 16, 4, 8, 14, 13],
[18, 0, 13, 18, 16, 10, 9, 11, 10, 14, 16, 17, 20, 5, 13],
[12, 13, 0, 11, 3, 8, 13, 11, 20, 11, 5, 8, 9, 12, 18],
[23, 18, 11, 0, 13, 18, 11, 22, 20, 22, 7, 19, 18, 21, 28],
[10, 16, 3, 13, 0, 9, 16, 12, 23, 11, 6, 6, 6, 14, 18],
[9, 10, 8, 18, 9, 0, 15, 4, 19, 5, 13, 8, 11, 6, 10],
[23, 9, 13, 11, 16, 15, 0, 18, 9, 20, 13, 20, 21, 14, 22],
[8, 11, 11, 22, 12, 4, 18, 0, 21, 4, 16, 9, 13, 6, 7],
[28, 10, 20, 20, 23, 19, 9, 21, 0, 24, 21, 26, 28, 15, 22],
[4, 14, 11, 22, 11, 5, 20, 4, 24, 0, 16, 6, 10, 10, 9],
[16, 16, 5, 7, 6, 13, 13, 16, 21, 16, 0, 12, 11, 17, 23],
[4, 17, 8, 19, 6, 8, 20, 9, 26, 6, 12, 0, 4, 14, 15],
[8, 20, 9, 18, 6, 11, 21, 13, 28, 10, 11, 4, 0, 17, 19],
[14, 5, 12, 21, 14, 6, 14, 6, 15, 10, 17, 14, 17, 0, 8],
[13, 13, 18, 28, 18, 10, 22, 7, 22, 9, 23, 15, 19, 8, 0]
   ]
];