// INSTANCIA 10X10-07
nbJobs = 10;
nbMchs = 10;

OpDurations = [
[97, 81, 70, 64, 84, 18, 72, 14, 20, 19]
[52, 43, 16, 10, 78, 11, 54, 98, 64, 20]
[59, 77, 45, 88, 21, 36, 77, 30, 68, 88]
[41, 64, 26, 77, 19, 34, 37, 19, 56, 3]
[63, 90, 42, 48, 62, 31, 66, 61, 77, 3]
[77, 99, 34, 60, 71, 40, 36, 38, 13, 65]
[56, 22, 84, 89, 1, 70, 2, 61, 71, 45]
[5, 20, 2, 38, 53, 48, 49, 38, 71, 97]
[83, 35, 92, 30, 92, 70, 22, 65, 21, 99]
[83, 54, 22, 71, 74, 95, 3, 93, 27, 82]
];

setup = [
//setup on machine: MAQ 1
[   [0, 11, 10, 5, 23, 7, 25, 24, 23, 18],
[11, 0, 13, 8, 12, 5, 17, 16, 23, 21],
[10, 13, 0, 13, 21, 9, 18, 18, 13, 8],
[5, 8, 13, 0, 20, 6, 24, 23, 25, 21],
[23, 12, 21, 20, 0, 16, 11, 9, 24, 25],
[7, 5, 9, 6, 16, 0, 18, 17, 20, 17],
[25, 17, 18, 24, 11, 18, 0, 2, 15, 18],
[24, 16, 18, 23, 9, 17, 2, 0, 17, 20],
[23, 23, 13, 25, 24, 20, 15, 17, 0, 6],
[18, 21, 8, 21, 25, 17, 18, 20, 6, 0]
   ],
//setup on machine: MAQ 2
[   [0, 6, 4, 14, 22, 18, 3, 20, 17, 1],
[6, 0, 8, 12, 26, 24, 3, 21, 17, 5],
[4, 8, 0, 18, 25, 19, 6, 24, 21, 4],
[14, 12, 18, 0, 20, 27, 12, 11, 6, 14],
[22, 26, 25, 20, 0, 16, 23, 11, 15, 23],
[18, 24, 19, 27, 16, 0, 21, 24, 25, 19],
[3, 3, 6, 12, 23, 21, 0, 20, 16, 2],
[20, 21, 24, 11, 11, 24, 20, 0, 5, 20],
[17, 17, 21, 6, 15, 25, 16, 5, 0, 17],
[1, 5, 4, 14, 23, 19, 2, 20, 17, 0]
   ],
//setup on machine: MAQ 3
[   [0, 19, 21, 19, 20, 16, 17, 9, 11, 11],
[19, 0, 2, 17, 6, 15, 8, 16, 22, 16],
[21, 2, 0, 17, 6, 17, 9, 18, 24, 18],
[19, 17, 17, 0, 11, 28, 22, 23, 13, 25],
[20, 6, 6, 11, 0, 21, 14, 19, 19, 20],
[16, 15, 17, 28, 21, 0, 8, 7, 25, 5],
[17, 8, 9, 22, 14, 8, 0, 11, 24, 10],
[9, 16, 18, 23, 19, 7, 11, 0, 19, 2],
[11, 22, 24, 13, 19, 25, 24, 19, 0, 21],
[11, 16, 18, 25, 20, 5, 10, 2, 21, 0]
   ],
//setup on machine: MAQ 4
[   [0, 26, 11, 10, 3, 16, 9, 18, 4, 12],
[26, 0, 18, 29, 23, 11, 18, 24, 30, 20],
[11, 18, 0, 20, 8, 7, 9, 23, 15, 2],
[10, 29, 20, 0, 12, 22, 13, 12, 9, 21],
[3, 23, 8, 12, 0, 13, 7, 19, 7, 9],
[16, 11, 7, 22, 13, 0, 9, 21, 20, 9],
[9, 18, 9, 13, 7, 9, 0, 14, 13, 11],
[18, 24, 23, 12, 19, 21, 14, 0, 20, 25],
[4, 30, 15, 9, 7, 20, 13, 20, 0, 16],
[12, 20, 2, 21, 9, 9, 11, 25, 16, 0]
   ],
//setup on machine: MAQ 5
[   [0, 17, 21, 19, 28, 16, 18, 14, 10, 9],
[17, 0, 13, 16, 12, 18, 5, 9, 7, 8],
[21, 13, 0, 6, 19, 12, 18, 7, 13, 17],
[19, 16, 6, 0, 25, 6, 21, 8, 13, 17],
[28, 12, 19, 25, 0, 29, 11, 20, 19, 20],
[16, 18, 12, 6, 29, 0, 23, 9, 13, 16],
[18, 5, 18, 21, 11, 23, 0, 14, 10, 9],
[14, 9, 7, 8, 20, 9, 14, 0, 6, 10],
[10, 7, 13, 13, 19, 13, 10, 6, 0, 4],
[9, 8, 17, 17, 20, 16, 9, 10, 4, 0]
   ],
//setup on machine: MAQ 6
[   [0, 3, 14, 23, 27, 2, 17, 23, 14, 20],
[3, 0, 11, 21, 24, 5, 14, 20, 14, 17],
[14, 11, 0, 13, 14, 16, 4, 10, 15, 6],
[23, 21, 13, 0, 6, 25, 10, 7, 14, 11],
[27, 24, 14, 6, 0, 29, 10, 4, 20, 9],
[2, 5, 16, 25, 29, 0, 19, 25, 15, 22],
[17, 14, 4, 10, 10, 19, 0, 6, 15, 4],
[23, 20, 10, 7, 4, 25, 6, 0, 18, 5],
[14, 14, 15, 14, 20, 15, 15, 18, 0, 18],
[20, 17, 6, 11, 9, 22, 4, 5, 18, 0]
   ],
//setup on machine: MAQ 7
[   [0, 9, 6, 7, 17, 27, 8, 19, 22, 17],
[9, 0, 8, 4, 15, 21, 9, 13, 16, 10],
[6, 8, 0, 8, 11, 22, 2, 20, 17, 12],
[7, 4, 8, 0, 17, 24, 10, 13, 19, 13],
[17, 15, 11, 17, 0, 14, 9, 26, 11, 10],
[27, 21, 22, 24, 14, 0, 21, 27, 5, 11],
[8, 9, 2, 10, 9, 21, 0, 22, 16, 12],
[19, 13, 20, 13, 26, 27, 22, 0, 23, 18],
[22, 16, 17, 19, 11, 5, 16, 23, 0, 6],
[17, 10, 12, 13, 10, 11, 12, 18, 6, 0]
   ],
//setup on machine: MAQ 8
[   [0, 21, 7, 15, 21, 18, 6, 19, 19, 9],
[21, 0, 18, 24, 19, 15, 21, 17, 11, 26],
[7, 18, 0, 9, 14, 21, 3, 12, 13, 8],
[15, 24, 9, 0, 11, 30, 9, 10, 15, 9],
[21, 19, 14, 11, 0, 30, 16, 2, 8, 18],
[18, 15, 21, 30, 30, 0, 22, 28, 23, 27],
[6, 21, 3, 9, 16, 22, 0, 14, 16, 5],
[19, 17, 12, 10, 2, 28, 14, 0, 6, 17],
[19, 11, 13, 15, 8, 23, 16, 6, 0, 20],
[9, 26, 8, 9, 18, 27, 5, 17, 20, 0]
   ],
//setup on machine: MAQ 9
[   [0, 20, 12, 7, 16, 9, 18, 7, 7, 16],
[20, 0, 9, 18, 4, 13, 19, 16, 13, 23],
[12, 9, 0, 12, 5, 4, 14, 7, 5, 17],
[7, 18, 12, 0, 15, 12, 23, 12, 7, 22],
[16, 4, 5, 15, 0, 9, 18, 12, 9, 21],
[9, 13, 4, 12, 9, 0, 11, 3, 5, 13],
[18, 19, 14, 23, 18, 11, 0, 11, 16, 6],
[7, 16, 7, 12, 12, 3, 11, 0, 6, 11],
[7, 13, 5, 7, 9, 5, 16, 6, 0, 17],
[16, 23, 17, 22, 21, 13, 6, 11, 17, 0]
   ],
//setup on machine: MAQ 10
[   [0, 6, 9, 5, 8, 13, 16, 21, 17, 9],
[6, 0, 7, 8, 2, 9, 17, 20, 19, 15],
[9, 7, 0, 13, 6, 16, 11, 13, 13, 16],
[5, 8, 13, 0, 10, 11, 21, 26, 22, 9],
[8, 2, 6, 10, 0, 10, 16, 18, 18, 16],
[13, 9, 16, 11, 10, 0, 26, 28, 28, 20],
[16, 17, 11, 21, 16, 26, 0, 10, 3, 18],
[21, 20, 13, 26, 18, 28, 10, 0, 13, 27],
[17, 19, 13, 22, 18, 28, 3, 13, 0, 18],
[9, 15, 16, 9, 16, 20, 18, 27, 18, 0]
   ]
];