// INSTANCIA 10X10-09
nbJobs = 10;
nbMchs = 10;

OpDurations = [
[13, 1, 74, 33, 39, 63, 89, 72, 34, 62]
[58, 80, 19, 54, 32, 5, 20, 78, 75, 68]
[81, 74, 28, 54, 43, 66, 50, 21, 24, 98]
[73, 26, 25, 52, 60, 18, 71, 57, 54, 35]
[31, 47, 81, 28, 1, 50, 76, 11, 11, 18]
[34, 36, 70, 23, 71, 99, 98, 72, 21, 68]
[3, 61, 86, 74, 85, 98, 31, 18, 44, 86]
[16, 15, 54, 66, 52, 61, 8, 95, 81, 70]
[6, 52, 91, 39, 9, 63, 90, 58, 94, 26]
[82, 9, 31, 90, 96, 72, 4, 56, 8, 28]
];

setup = [
//setup on machine: MAQ 1
[   [0, 29, 18, 23, 10, 15, 9, 9, 20, 17],
[29, 0, 11, 18, 26, 22, 21, 25, 13, 23],
[18, 11, 0, 12, 17, 12, 10, 16, 9, 17],
[23, 18, 12, 0, 26, 8, 15, 25, 21, 29],
[10, 26, 17, 26, 0, 21, 12, 1, 14, 8],
[15, 22, 12, 8, 21, 0, 9, 20, 20, 25],
[9, 21, 10, 15, 12, 9, 0, 11, 14, 16],
[9, 25, 16, 25, 1, 20, 11, 0, 13, 8],
[20, 13, 9, 21, 14, 20, 14, 13, 0, 10],
[17, 23, 17, 29, 8, 25, 16, 8, 10, 0]
   ],
//setup on machine: MAQ 2
[   [0, 18, 16, 16, 15, 7, 15, 4, 12, 12],
[18, 0, 17, 6, 9, 12, 12, 17, 21, 28],
[16, 17, 0, 20, 8, 14, 24, 18, 27, 28],
[16, 6, 20, 0, 13, 10, 6, 14, 16, 23],
[15, 9, 8, 13, 0, 10, 17, 16, 23, 27],
[7, 12, 14, 10, 10, 0, 11, 6, 13, 17],
[15, 12, 24, 6, 17, 11, 0, 12, 11, 19],
[4, 17, 18, 14, 16, 6, 12, 0, 9, 11],
[12, 21, 27, 16, 23, 13, 11, 9, 0, 9],
[12, 28, 28, 23, 27, 17, 19, 11, 9, 0]
   ],
//setup on machine: MAQ 3
[   [0, 2, 18, 14, 5, 4, 19, 29, 1, 25],
[2, 0, 16, 14, 3, 3, 18, 28, 1, 24],
[18, 16, 0, 19, 14, 14, 15, 21, 17, 12],
[14, 14, 19, 0, 16, 11, 8, 18, 14, 19],
[5, 3, 14, 16, 0, 5, 19, 29, 4, 24],
[4, 3, 14, 11, 5, 0, 15, 25, 4, 21],
[19, 18, 15, 8, 19, 15, 0, 10, 19, 11],
[29, 28, 21, 18, 29, 25, 10, 0, 29, 10],
[1, 1, 17, 14, 4, 4, 19, 29, 0, 25],
[25, 24, 12, 19, 24, 21, 11, 10, 25, 0]
   ],
//setup on machine: MAQ 4
[   [0, 16, 12, 17, 18, 10, 20, 13, 10, 8],
[16, 0, 24, 19, 14, 6, 19, 19, 23, 12],
[12, 24, 0, 13, 18, 18, 17, 9, 18, 20],
[17, 19, 13, 0, 6, 16, 4, 4, 27, 22],
[18, 14, 18, 6, 0, 13, 5, 9, 28, 21],
[10, 6, 18, 16, 13, 0, 17, 14, 18, 8],
[20, 19, 17, 4, 5, 17, 0, 8, 30, 24],
[13, 19, 9, 4, 9, 14, 8, 0, 23, 19],
[10, 23, 18, 27, 28, 18, 30, 23, 0, 12],
[8, 12, 20, 22, 21, 8, 24, 19, 12, 0]
   ],
//setup on machine: MAQ 5
[   [0, 17, 10, 20, 7, 17, 15, 25, 25, 19],
[17, 0, 22, 4, 21, 16, 7, 10, 8, 18],
[10, 22, 0, 25, 3, 27, 17, 26, 30, 29],
[20, 4, 25, 0, 24, 16, 11, 11, 5, 17],
[7, 21, 3, 24, 0, 24, 16, 26, 29, 26],
[17, 16, 27, 16, 24, 0, 21, 26, 18, 2],
[15, 7, 17, 11, 16, 21, 0, 10, 15, 23],
[25, 10, 26, 11, 26, 26, 10, 0, 12, 28],
[25, 8, 30, 5, 29, 18, 15, 12, 0, 19],
[19, 18, 29, 17, 26, 2, 23, 28, 19, 0]
   ],
//setup on machine: MAQ 6
[   [0, 19, 4, 24, 16, 23, 9, 8, 24, 26],
[19, 0, 17, 9, 8, 5, 19, 22, 11, 9],
[4, 17, 0, 23, 12, 21, 5, 12, 20, 25],
[24, 9, 23, 0, 17, 5, 26, 23, 20, 4],
[16, 8, 12, 17, 0, 13, 12, 21, 8, 16],
[23, 5, 21, 5, 13, 0, 23, 24, 15, 4],
[9, 19, 5, 26, 12, 23, 0, 17, 19, 27],
[8, 22, 12, 23, 21, 24, 17, 0, 29, 26],
[24, 11, 20, 20, 8, 15, 19, 29, 0, 17],
[26, 9, 25, 4, 16, 4, 27, 26, 17, 0]
   ],
//setup on machine: MAQ 7
[   [0, 15, 9, 11, 4, 18, 9, 12, 25, 8],
[15, 0, 8, 9, 16, 3, 13, 8, 10, 8],
[9, 8, 0, 10, 12, 11, 12, 11, 18, 2],
[11, 9, 10, 0, 10, 9, 5, 1, 16, 9],
[4, 16, 12, 10, 0, 18, 6, 11, 25, 10],
[18, 3, 11, 9, 18, 0, 14, 9, 7, 11],
[9, 13, 12, 5, 6, 14, 0, 6, 21, 10],
[12, 8, 11, 1, 11, 9, 6, 0, 15, 9],
[25, 10, 18, 16, 25, 7, 21, 15, 0, 18],
[8, 8, 2, 9, 10, 11, 10, 9, 18, 0]
   ],
//setup on machine: MAQ 8
[   [0, 27, 12, 29, 28, 6, 12, 24, 20, 15],
[27, 0, 16, 8, 4, 26, 17, 8, 15, 15],
[12, 16, 0, 20, 17, 13, 2, 16, 9, 4],
[29, 8, 20, 0, 11, 26, 22, 5, 22, 21],
[28, 4, 17, 11, 0, 28, 17, 12, 14, 15],
[6, 26, 13, 26, 28, 0, 14, 21, 22, 17],
[12, 17, 2, 22, 17, 14, 0, 17, 8, 3],
[24, 8, 16, 5, 12, 21, 17, 0, 19, 17],
[20, 15, 9, 22, 14, 22, 8, 19, 0, 5],
[15, 15, 4, 21, 15, 17, 3, 17, 5, 0]
   ],
//setup on machine: MAQ 9
[   [0, 6, 11, 18, 6, 18, 9, 7, 18, 23],
[6, 0, 9, 22, 4, 20, 7, 12, 22, 25],
[11, 9, 0, 20, 5, 15, 2, 17, 19, 20],
[18, 22, 20, 0, 19, 7, 19, 17, 2, 9],
[6, 4, 5, 19, 0, 16, 3, 12, 18, 21],
[18, 20, 15, 7, 16, 0, 15, 19, 5, 5],
[9, 7, 2, 19, 3, 15, 0, 15, 18, 20],
[7, 12, 17, 17, 12, 19, 15, 0, 17, 23],
[18, 22, 19, 2, 18, 5, 18, 17, 0, 7],
[23, 25, 20, 9, 21, 5, 20, 23, 7, 0]
   ],
//setup on machine: MAQ 10
[   [0, 5, 18, 10, 22, 5, 12, 21, 10, 18],
[5, 0, 15, 6, 19, 4, 8, 16, 9, 14],
[18, 15, 0, 16, 28, 13, 7, 11, 23, 16],
[10, 6, 16, 0, 13, 10, 10, 13, 7, 9],
[22, 19, 28, 13, 0, 23, 22, 20, 13, 13],
[5, 4, 13, 10, 23, 0, 8, 17, 13, 17],
[12, 8, 7, 10, 22, 8, 0, 10, 16, 12],
[21, 16, 11, 13, 20, 17, 10, 0, 20, 7],
[10, 9, 23, 7, 13, 13, 16, 20, 0, 15],
[18, 14, 16, 9, 13, 17, 12, 7, 15, 0]
   ]
];