// INSTANCIA 10X10-03
nbJobs = 10;
nbMchs = 10;

OpDurations = [
[9, 58, 75, 23, 91, 63, 99, 37, 28, 75]
[82, 72, 4, 81, 76, 73, 39, 20, 73, 61]
[45, 44, 48, 4, 52, 99, 23, 49, 36, 68]
[86, 59, 1, 83, 72, 49, 62, 91, 15, 80]
[8, 35, 41, 16, 18, 90, 16, 86, 46, 71]
[97, 63, 16, 91, 45, 25, 87, 79, 71, 22]
[21, 36, 46, 70, 47, 13, 15, 33, 6, 39]
[38, 25, 68, 92, 25, 10, 80, 56, 32, 77]
[24, 32, 66, 69, 52, 46, 74, 62, 50, 25]
[77, 4, 93, 2, 85, 45, 65, 39, 43, 74]
];

setup = [
//setup on machine: MAQ 1
[   [0, 9, 17, 9, 12, 21, 7, 9, 21, 20],
[9, 0, 12, 18, 11, 17, 4, 18, 26, 18],
[17, 12, 0, 23, 7, 6, 11, 26, 24, 8],
[9, 18, 23, 0, 17, 25, 15, 7, 15, 24],
[12, 11, 7, 17, 0, 9, 8, 20, 17, 8],
[21, 17, 6, 25, 9, 0, 16, 29, 22, 3],
[7, 4, 11, 15, 8, 16, 0, 16, 22, 16],
[9, 18, 26, 7, 20, 29, 16, 0, 22, 28],
[21, 26, 24, 15, 17, 22, 22, 22, 0, 19],
[20, 18, 8, 24, 8, 3, 16, 28, 19, 0]
   ],
//setup on machine: MAQ 2
[   [0, 11, 18, 17, 27, 16, 14, 20, 19, 3],
[11, 0, 25, 7, 24, 19, 24, 22, 9, 11],
[18, 25, 0, 28, 21, 8, 11, 9, 28, 15],
[17, 7, 28, 0, 21, 21, 30, 23, 3, 17],
[27, 24, 21, 21, 0, 14, 30, 12, 19, 24],
[16, 19, 8, 21, 14, 0, 16, 4, 21, 13],
[14, 24, 11, 30, 30, 16, 0, 18, 30, 13],
[20, 22, 9, 23, 12, 4, 18, 0, 22, 17],
[19, 9, 28, 3, 19, 21, 30, 22, 0, 18],
[3, 11, 15, 17, 24, 13, 13, 17, 18, 0]
   ],
//setup on machine: MAQ 3
[   [0, 28, 4, 2, 27, 15, 9, 22, 4, 24],
[28, 0, 25, 26, 15, 19, 19, 6, 26, 8],
[4, 25, 0, 4, 23, 12, 7, 19, 1, 21],
[2, 26, 4, 0, 26, 15, 7, 20, 5, 23],
[27, 15, 23, 26, 0, 12, 20, 12, 23, 7],
[15, 19, 12, 15, 12, 0, 11, 13, 11, 12],
[9, 19, 7, 7, 20, 11, 0, 13, 8, 16],
[22, 6, 19, 20, 12, 13, 13, 0, 20, 5],
[4, 26, 1, 5, 23, 11, 8, 20, 0, 21],
[24, 8, 21, 23, 7, 12, 16, 5, 21, 0]
   ],
//setup on machine: MAQ 4
[   [0, 22, 11, 14, 11, 9, 13, 9, 28, 15],
[22, 0, 29, 8, 15, 13, 18, 25, 21, 10],
[11, 29, 0, 22, 14, 18, 13, 4, 26, 24],
[14, 8, 22, 0, 10, 5, 14, 18, 23, 4],
[11, 15, 14, 10, 0, 8, 4, 10, 17, 13],
[9, 13, 18, 5, 8, 0, 12, 14, 23, 6],
[13, 18, 13, 14, 4, 12, 0, 9, 15, 17],
[9, 25, 4, 18, 10, 14, 9, 0, 23, 20],
[28, 21, 26, 23, 17, 23, 15, 23, 0, 26],
[15, 10, 24, 4, 13, 6, 17, 20, 26, 0]
   ],
//setup on machine: MAQ 5
[   [0, 24, 4, 24, 27, 20, 21, 22, 17, 14],
[24, 0, 25, 17, 6, 13, 12, 8, 12, 13],
[4, 25, 0, 27, 28, 23, 19, 24, 20, 16],
[24, 17, 27, 0, 13, 5, 26, 9, 8, 12],
[27, 6, 28, 13, 0, 11, 18, 5, 11, 13],
[20, 13, 23, 5, 11, 0, 21, 6, 3, 7],
[21, 12, 19, 26, 18, 21, 0, 18, 19, 17],
[22, 8, 24, 9, 5, 6, 18, 0, 6, 9],
[17, 12, 20, 8, 11, 3, 19, 6, 0, 4],
[14, 13, 16, 12, 13, 7, 17, 9, 4, 0]
   ],
//setup on machine: MAQ 6
[   [0, 2, 2, 14, 7, 9, 14, 14, 13, 17],
[2, 0, 1, 16, 9, 11, 15, 16, 14, 19],
[2, 1, 0, 16, 8, 11, 14, 15, 14, 19],
[14, 16, 16, 0, 14, 5, 20, 12, 8, 10],
[7, 9, 8, 14, 0, 10, 7, 8, 16, 13],
[9, 11, 11, 5, 10, 0, 16, 10, 7, 11],
[14, 15, 14, 20, 7, 16, 0, 9, 23, 14],
[14, 16, 15, 12, 8, 10, 9, 0, 17, 5],
[13, 14, 14, 8, 16, 7, 23, 17, 0, 17],
[17, 19, 19, 10, 13, 11, 14, 5, 17, 0]
   ],
//setup on machine: MAQ 7
[   [0, 10, 8, 4, 15, 6, 12, 12, 11, 15],
[10, 0, 17, 9, 6, 13, 19, 6, 17, 7],
[8, 17, 0, 10, 22, 9, 9, 19, 11, 22],
[4, 9, 10, 0, 13, 4, 10, 13, 9, 16],
[15, 6, 22, 13, 0, 16, 21, 11, 19, 11],
[6, 13, 9, 4, 16, 0, 6, 17, 5, 20],
[12, 19, 9, 10, 21, 6, 0, 23, 3, 26],
[12, 6, 19, 13, 11, 17, 23, 0, 22, 3],
[11, 17, 11, 9, 19, 5, 3, 22, 0, 24],
[15, 7, 22, 16, 11, 20, 26, 3, 24, 0]
   ],
//setup on machine: MAQ 8
[   [0, 5, 7, 17, 6, 21, 10, 10, 19, 3],
[5, 0, 2, 19, 11, 16, 7, 6, 14, 8],
[7, 2, 0, 19, 13, 14, 8, 4, 12, 10],
[17, 19, 19, 0, 20, 26, 26, 17, 24, 17],
[6, 11, 13, 20, 0, 27, 13, 16, 25, 4],
[21, 16, 14, 26, 27, 0, 17, 11, 3, 23],
[10, 7, 8, 26, 13, 17, 0, 12, 17, 12],
[10, 6, 4, 17, 16, 11, 12, 0, 9, 13],
[19, 14, 12, 24, 25, 3, 17, 9, 0, 22],
[3, 8, 10, 17, 4, 23, 12, 13, 22, 0]
   ],
//setup on machine: MAQ 9
[   [0, 17, 17, 24, 23, 2, 21, 12, 12, 20],
[17, 0, 3, 19, 8, 18, 15, 10, 16, 4],
[17, 3, 0, 16, 6, 17, 12, 12, 13, 7],
[24, 19, 16, 0, 15, 23, 4, 26, 13, 23],
[23, 8, 6, 15, 0, 23, 11, 18, 17, 10],
[2, 18, 17, 23, 23, 0, 20, 14, 11, 21],
[21, 15, 12, 4, 11, 20, 0, 22, 10, 19],
[12, 10, 12, 26, 18, 14, 22, 0, 18, 10],
[12, 16, 13, 13, 17, 11, 10, 18, 0, 20],
[20, 4, 7, 23, 10, 21, 19, 10, 20, 0]
   ],
//setup on machine: MAQ 10
[   [0, 25, 21, 25, 10, 3, 10, 21, 12, 19],
[25, 0, 24, 25, 16, 22, 22, 5, 26, 15],
[21, 24, 0, 4, 22, 20, 11, 24, 10, 9],
[25, 25, 4, 0, 25, 24, 15, 26, 14, 11],
[10, 16, 22, 25, 0, 8, 14, 11, 17, 16],
[3, 22, 20, 24, 8, 0, 9, 18, 12, 17],
[10, 22, 11, 15, 14, 9, 0, 20, 4, 11],
[21, 5, 24, 26, 11, 18, 20, 0, 24, 15],
[12, 26, 10, 14, 17, 12, 4, 24, 0, 13],
[19, 15, 9, 11, 16, 17, 11, 15, 13, 0]
   ]
];