// INSTANCIA FGSSP 15x15-08
nbJobs = 15;
nbMchs = 15;

OpDurations = [
[53, 59, 68, 53, 34, 21, 52,  9, 12,  30,  46,  82,  54,   3,  70]
[68, 71, 96,  7, 24, 49, 69, 92, 50,  31,  29,  99,  63,  39,   3]
[63,  1, 59, 88, 86, 58, 76, 55, 76,  77,  88,  55,   8,  74,  29]
[62, 88,  4, 52, 33, 61, 57, 39, 16,  46,  63,  51,  41,  21,  57]
[48, 99,  7,  8, 83, 14, 85, 30, 79,  76,  30,   8,  83,  56,  75]
[87, 76, 83, 56, 61, 21, 11, 62, 42,   1,  31,  15,  60,  57,  32]
[73, 51,  3, 59, 24, 49, 35, 95, 17,  17,  81,  58,  94,  36,  18]
[24, 45, 74, 70, 49,  6, 62, 84,  5,   6,  99,  50,  13,  32,  50]
[79, 51, 83, 51, 99, 12, 66, 42, 76,  22,  34,  11,  33,  30,  41]
[3, 47, 75, 98, 87, 33, 10, 70, 25,  30,  61,  85,  33,  21,  98]
[57, 35, 38, 25, 30, 30, 82, 19,  4,  48,  95,  28,  70,  92,  41]
[28, 92, 18, 81,  3, 82, 85,  8, 58,  95,  62,  24,  55,  84,  85]
[22, 26, 61, 63, 37, 20, 43, 92, 20,  59,  26,  28,  27,  28,  25]
[32, 96,  6, 92,  3, 40, 12, 23, 58,  33,  61,  24,  77,  35,  57]
[68, 46, 45,  6,  8, 53, 14, 60, 99,  61,  28,   2,  82,  63,  95]
];

setup = [
//setup on machine: MAQ 1
[   [0, 21, 10, 7, 21, 13, 6, 9, 6, 8, 20, 14, 17, 10, 18],
[21, 0, 20, 24, 4, 20, 15, 20, 15, 14, 2, 14, 15, 11, 21],
[10, 20, 0, 17, 22, 22, 13, 1, 9, 8, 20, 7, 24, 11, 27],
[7, 24, 17, 0, 24, 9, 9, 16, 11, 13, 22, 20, 15, 14, 14],
[21, 4, 22, 24, 0, 19, 16, 23, 16, 15, 2, 17, 13, 12, 19],
[13, 20, 22, 9, 19, 0, 9, 21, 13, 15, 18, 22, 7, 14, 5],
[6, 15, 13, 9, 16, 9, 0, 13, 4, 6, 14, 13, 11, 6, 14],
[9, 20, 1, 16, 23, 21, 13, 0, 9, 8, 21, 8, 23, 11, 26],
[6, 15, 9, 11, 16, 13, 4, 9, 0, 2, 14, 9, 15, 4, 18],
[8, 14, 8, 13, 15, 15, 6, 8, 2, 0, 13, 8, 16, 3, 19],
[20, 2, 20, 22, 2, 18, 14, 21, 14, 13, 0, 15, 13, 10, 19],
[14, 14, 7, 20, 17, 22, 13, 8, 9, 8, 15, 0, 22, 8, 26],
[17, 15, 24, 15, 13, 7, 11, 23, 15, 16, 13, 22, 0, 14, 6],
[10, 11, 11, 14, 12, 14, 6, 11, 4, 3, 10, 8, 14, 0, 18],
[18, 21, 27, 14, 19, 5, 14, 26, 18, 19, 19, 26, 6, 18, 0]
   ],
   
//setup on machine: MAQ 2
[   [0, 7, 13, 21, 16, 5, 19, 16, 7, 18, 10, 14, 8, 4, 13],
[7, 0, 19, 22, 22, 5, 17, 21, 14, 18, 4, 15, 9, 10, 20],
[13, 19, 0, 19, 5, 15, 20, 3, 10, 17, 21, 14, 13, 14, 1],
[21, 22, 19, 0, 16, 17, 5, 18, 25, 4, 18, 7, 14, 25, 20],
[16, 22, 5, 16, 0, 17, 18, 2, 15, 14, 22, 12, 14, 18, 6],
[5, 5, 15, 17, 17, 0, 14, 17, 12, 14, 6, 11, 4, 9, 16],
[19, 17, 20, 5, 18, 14, 0, 19, 24, 4, 14, 6, 11, 23, 21],
[16, 21, 3, 18, 2, 17, 19, 0, 13, 16, 22, 14, 14, 17, 4],
[7, 14, 10, 25, 15, 12, 24, 13, 0, 22, 17, 18, 13, 5, 10],
[18, 18, 17, 4, 14, 14, 4, 16, 22, 0, 15, 4, 10, 22, 18],
[10, 4, 21, 18, 22, 6, 14, 22, 17, 15, 0, 13, 8, 14, 21],
[14, 15, 14, 7, 12, 11, 6, 14, 18, 4, 13, 0, 7, 18, 15],
[8, 9, 13, 14, 14, 4, 11, 14, 13, 10, 8, 7, 0, 12, 14],
[4, 10, 14, 25, 18, 9, 23, 17, 5, 22, 14, 18, 12, 0, 14],
[13, 20, 1, 20, 6, 16, 21, 4, 10, 18, 21, 15, 14, 14, 0]
   ],
   
//setup on machine: MAQ 3
[   [0, 10, 7, 18, 13, 14, 6, 15, 21, 12, 17, 9, 9, 15, 12],
[10, 0, 4, 19, 6, 21, 13, 15, 23, 9, 17, 18, 15, 21, 22],
[7, 4, 0, 16, 6, 17, 9, 12, 20, 7, 14, 14, 11, 17, 18],
[18, 19, 16, 0, 14, 13, 13, 4, 5, 10, 2, 16, 11, 12, 22],
[13, 6, 6, 14, 0, 20, 13, 11, 19, 4, 12, 18, 14, 20, 24],
[14, 21, 17, 13, 20, 0, 9, 12, 12, 17, 13, 6, 6, 1, 11],
[6, 13, 9, 13, 13, 9, 0, 10, 16, 10, 12, 6, 3, 9, 11],
[15, 15, 12, 4, 11, 12, 10, 0, 8, 7, 2, 14, 9, 11, 20],
[21, 23, 20, 5, 19, 12, 16, 8, 0, 15, 7, 17, 13, 11, 23],
[12, 9, 7, 10, 4, 17, 10, 7, 15, 0, 9, 16, 11, 16, 21],
[17, 17, 14, 2, 12, 13, 12, 2, 7, 9, 0, 16, 11, 13, 22],
[9, 18, 14, 16, 18, 6, 6, 14, 17, 16, 16, 0, 5, 7, 6],
[9, 15, 11, 11, 14, 6, 3, 9, 13, 11, 11, 5, 0, 6, 11],
[15, 21, 17, 12, 20, 1, 9, 11, 11, 16, 13, 7, 6, 0, 12],
[12, 22, 18, 22, 24, 11, 11, 20, 23, 21, 22, 6, 11, 12, 0]
   ],
   
//setup on machine: MAQ 4
[   [0, 20, 15, 6, 13, 14, 14, 10, 7, 7, 6, 18, 10, 9, 18],
[20, 0, 6, 25, 10, 21, 13, 13, 24, 18, 25, 3, 11, 19, 5],
[15, 6, 0, 21, 9, 15, 8, 7, 18, 12, 19, 7, 8, 16, 4],
[6, 25, 21, 0, 18, 17, 19, 15, 8, 11, 5, 24, 15, 11, 24],
[13, 10, 9, 18, 0, 21, 15, 12, 19, 15, 19, 7, 3, 9, 12],
[14, 21, 15, 17, 21, 0, 8, 9, 9, 7, 12, 22, 18, 22, 17],
[14, 13, 8, 19, 15, 8, 0, 4, 13, 8, 16, 14, 13, 19, 9],
[10, 13, 7, 15, 12, 9, 4, 0, 11, 5, 13, 13, 9, 15, 10],
[7, 24, 18, 8, 19, 9, 13, 11, 0, 6, 3, 23, 16, 16, 21],
[7, 18, 12, 11, 15, 7, 8, 5, 6, 0, 8, 18, 12, 15, 15],
[6, 25, 19, 5, 19, 12, 16, 13, 3, 8, 0, 24, 16, 15, 22],
[18, 3, 7, 24, 7, 22, 14, 13, 23, 18, 24, 0, 9, 16, 7],
[10, 11, 8, 15, 3, 18, 13, 9, 16, 12, 16, 9, 0, 9, 11],
[9, 19, 16, 11, 9, 22, 19, 15, 16, 15, 15, 16, 9, 0, 20],
[18, 5, 4, 24, 12, 17, 9, 10, 21, 15, 22, 7, 11, 20, 0]
   ],
   
//setup on machine: MAQ 5
[   [0, 16, 23, 12, 17, 14, 15, 2, 18, 14, 17, 12, 18, 15, 18],
[16, 0, 21, 7, 26, 25, 4, 16, 4, 2, 11, 12, 22, 14, 12],
[23, 21, 0, 24, 15, 16, 24, 24, 17, 21, 10, 12, 7, 9, 9],
[12, 7, 24, 0, 25, 23, 4, 11, 11, 5, 15, 13, 23, 16, 16],
[17, 26, 15, 25, 0, 3, 27, 19, 25, 25, 18, 15, 8, 14, 19],
[14, 25, 16, 23, 3, 0, 26, 16, 24, 23, 18, 14, 9, 14, 19],
[15, 4, 24, 4, 27, 26, 0, 15, 8, 3, 14, 14, 24, 16, 15],
[2, 16, 24, 11, 19, 16, 15, 0, 18, 14, 18, 13, 20, 16, 19],
[18, 4, 17, 11, 25, 24, 8, 18, 0, 6, 8, 10, 19, 11, 8],
[14, 2, 21, 5, 25, 23, 3, 14, 6, 0, 11, 11, 21, 13, 12],
[17, 11, 10, 15, 18, 18, 14, 18, 8, 11, 0, 5, 12, 4, 1],
[12, 12, 12, 13, 15, 14, 14, 13, 10, 11, 5, 0, 10, 3, 6],
[18, 22, 7, 23, 8, 9, 24, 20, 19, 21, 12, 10, 0, 8, 12],
[15, 14, 9, 16, 14, 14, 16, 16, 11, 13, 4, 3, 8, 0, 5],
[18, 12, 9, 16, 19, 19, 15, 19, 8, 12, 1, 6, 12, 5, 0]
   ],
   
//setup on machine: MAQ 6
[   [0, 7, 13, 20, 19, 15, 8, 5, 17, 6, 17, 12, 11, 18, 7],
[7, 0, 19, 23, 15, 16, 14, 6, 21, 4, 15, 10, 18, 20, 3],
[13, 19, 0, 9, 22, 12, 6, 18, 6, 19, 17, 14, 11, 11, 17],
[20, 23, 9, 0, 19, 9, 14, 25, 3, 25, 14, 14, 20, 5, 20],
[19, 15, 22, 19, 0, 11, 21, 21, 19, 19, 5, 8, 28, 14, 12],
[15, 16, 12, 9, 11, 0, 13, 19, 8, 19, 6, 6, 20, 4, 13],
[8, 14, 6, 14, 21, 13, 0, 13, 11, 14, 18, 13, 7, 15, 13],
[5, 6, 18, 25, 21, 19, 13, 0, 22, 2, 20, 15, 14, 23, 9],
[17, 21, 6, 3, 19, 8, 11, 22, 0, 22, 14, 13, 17, 6, 18],
[6, 4, 19, 25, 19, 19, 14, 2, 22, 0, 19, 14, 16, 22, 7],
[17, 15, 17, 14, 5, 6, 18, 20, 14, 19, 0, 5, 25, 9, 12],
[12, 10, 14, 14, 8, 6, 13, 15, 13, 14, 5, 0, 20, 10, 7],
[11, 18, 11, 20, 28, 20, 7, 14, 17, 16, 25, 20, 0, 22, 18],
[18, 20, 11, 5, 14, 4, 15, 23, 6, 22, 9, 10, 22, 0, 17],
[7, 3, 17, 20, 12, 13, 13, 9, 18, 7, 12, 7, 18, 17, 0]
   ],
   
//setup on machine: MAQ 7
[   [0, 11, 11, 10, 13, 9, 13, 12, 3, 10, 4, 9, 10, 5, 10],
[11, 0, 5, 12, 9, 11, 9, 9, 9, 21, 12, 19, 4, 7, 21],
[11, 5, 0, 8, 14, 14, 13, 4, 8, 20, 13, 17, 1, 9, 19],
[10, 12, 8, 0, 19, 17, 19, 5, 8, 16, 13, 10, 9, 12, 13],
[13, 9, 14, 19, 0, 5, 1, 17, 12, 21, 11, 22, 13, 8, 22],
[9, 11, 14, 17, 5, 0, 6, 17, 9, 16, 6, 18, 13, 6, 18],
[13, 9, 13, 19, 1, 6, 0, 17, 12, 21, 11, 22, 12, 8, 23],
[12, 9, 4, 5, 17, 17, 17, 0, 9, 20, 15, 15, 5, 11, 17],
[3, 9, 8, 8, 12, 9, 12, 9, 0, 13, 6, 11, 7, 4, 12],
[10, 21, 20, 16, 21, 16, 21, 20, 13, 0, 10, 8, 20, 14, 5],
[4, 12, 13, 13, 11, 6, 11, 15, 6, 10, 0, 12, 12, 5, 12],
[9, 19, 17, 10, 22, 18, 22, 15, 11, 8, 12, 0, 16, 14, 3],
[10, 4, 1, 9, 13, 13, 12, 5, 7, 20, 12, 16, 0, 8, 18],
[5, 7, 9, 12, 8, 6, 8, 11, 4, 14, 5, 14, 8, 0, 15],
[10, 21, 19, 13, 22, 18, 23, 17, 12, 5, 12, 3, 18, 15, 0]
   ],
   
//setup on machine: MAQ 8
[   [0, 10, 1, 3, 17, 5, 14, 12, 9, 16, 9, 15, 19, 15, 19],
[10, 0, 11, 7, 22, 5, 7, 10, 10, 12, 16, 17, 17, 9, 24],
[1, 11, 0, 4, 18, 6, 15, 13, 10, 17, 10, 16, 20, 16, 20],
[3, 7, 4, 0, 17, 2, 11, 9, 7, 14, 10, 14, 17, 12, 19],
[17, 22, 18, 17, 0, 18, 20, 13, 12, 16, 8, 6, 12, 18, 2],
[5, 5, 6, 2, 18, 0, 9, 8, 7, 12, 11, 14, 16, 10, 20],
[14, 7, 15, 11, 20, 9, 0, 8, 9, 6, 16, 15, 12, 3, 22],
[12, 10, 13, 9, 13, 8, 8, 0, 3, 5, 9, 7, 8, 6, 15],
[9, 10, 10, 7, 12, 7, 9, 3, 0, 8, 7, 7, 10, 8, 14],
[16, 12, 17, 14, 16, 12, 6, 5, 8, 0, 14, 10, 6, 3, 17],
[9, 16, 10, 10, 8, 11, 16, 9, 7, 14, 0, 7, 14, 15, 10],
[15, 17, 16, 14, 6, 14, 15, 7, 7, 10, 7, 0, 7, 12, 8],
[19, 17, 20, 17, 12, 16, 12, 8, 10, 6, 14, 7, 0, 9, 13],
[15, 9, 16, 12, 18, 10, 3, 6, 8, 3, 15, 12, 9, 0, 20],
[19, 24, 20, 19, 2, 20, 22, 15, 14, 17, 10, 8, 13, 20, 0]
   ],
   
//setup on machine: MAQ 9
[   [0, 16, 4, 16, 6, 12, 4, 6, 12, 15, 9, 9, 14, 17, 11],
[16, 0, 17, 4, 13, 10, 18, 20, 4, 21, 7, 21, 10, 2, 13],
[4, 17, 0, 16, 4, 15, 1, 10, 13, 11, 11, 5, 12, 17, 8],
[16, 4, 16, 0, 12, 13, 17, 22, 5, 18, 9, 19, 7, 2, 10],
[6, 13, 4, 12, 0, 13, 5, 12, 9, 11, 9, 8, 8, 13, 5],
[12, 10, 15, 13, 13, 0, 16, 13, 9, 24, 5, 20, 16, 12, 16],
[4, 18, 1, 17, 5, 16, 0, 9, 14, 12, 12, 5, 13, 18, 9],
[6, 20, 10, 22, 12, 13, 9, 0, 17, 21, 13, 14, 20, 22, 17],
[12, 4, 13, 5, 9, 9, 14, 17, 0, 17, 4, 17, 8, 5, 9],
[15, 21, 11, 18, 11, 24, 12, 21, 17, 0, 19, 8, 11, 20, 8],
[9, 7, 11, 9, 9, 5, 12, 13, 4, 19, 0, 16, 11, 9, 11],
[9, 21, 5, 19, 8, 20, 5, 14, 17, 8, 16, 0, 13, 21, 9],
[14, 10, 12, 7, 8, 16, 13, 20, 8, 11, 11, 13, 0, 9, 4],
[17, 2, 17, 2, 13, 12, 18, 22, 5, 20, 9, 21, 9, 0, 12],
[11, 13, 8, 10, 5, 16, 9, 17, 9, 8, 11, 9, 4, 12, 0]
   ],
   
//setup on machine: MAQ 10
[   [0, 24, 3, 18, 15, 23, 12, 5, 8, 16, 18, 5, 4, 13, 20],
[24, 0, 22, 8, 17, 3, 14, 21, 23, 16, 6, 24, 23, 16, 9],
[3, 22, 0, 17, 16, 22, 9, 6, 10, 13, 16, 8, 6, 10, 20],
[18, 8, 17, 0, 9, 9, 12, 14, 16, 16, 6, 17, 16, 14, 4],
[15, 17, 16, 9, 0, 18, 16, 10, 9, 21, 14, 12, 12, 19, 9],
[23, 3, 22, 9, 18, 0, 13, 21, 23, 14, 6, 24, 23, 14, 11],
[12, 14, 9, 12, 16, 13, 0, 11, 15, 5, 8, 14, 12, 3, 15],
[5, 21, 6, 14, 10, 21, 11, 0, 4, 16, 15, 4, 2, 13, 16],
[8, 23, 10, 16, 9, 23, 15, 4, 0, 20, 18, 3, 4, 17, 17],
[16, 16, 13, 16, 21, 14, 5, 16, 20, 0, 11, 19, 17, 3, 19],
[18, 6, 16, 6, 14, 6, 8, 15, 18, 11, 0, 19, 17, 10, 9],
[5, 24, 8, 17, 12, 24, 14, 4, 3, 19, 19, 0, 2, 16, 19],
[4, 23, 6, 16, 12, 23, 12, 2, 4, 17, 17, 2, 0, 14, 18],
[13, 16, 10, 14, 19, 14, 3, 13, 17, 3, 10, 16, 14, 0, 18],
[20, 9, 20, 4, 9, 11, 15, 16, 17, 19, 9, 19, 18, 18, 0]
   ],
   
//setup on machine: MAQ 11
[   [0, 14, 2, 9, 21, 20, 18, 20, 23, 8, 21, 25, 8, 14, 10],
[14, 0, 16, 14, 23, 25, 23, 11, 14, 19, 15, 17, 10, 8, 20],
[2, 16, 0, 9, 20, 18, 17, 21, 24, 6, 22, 25, 9, 15, 9],
[9, 14, 9, 0, 12, 12, 10, 14, 17, 8, 14, 17, 4, 9, 7],
[21, 23, 20, 12, 0, 6, 5, 16, 17, 16, 13, 15, 16, 16, 13],
[20, 25, 18, 12, 6, 0, 2, 21, 22, 13, 18, 21, 16, 19, 10],
[18, 23, 17, 10, 5, 2, 0, 19, 20, 12, 16, 19, 14, 17, 9],
[20, 11, 21, 14, 16, 21, 19, 0, 4, 21, 4, 6, 12, 6, 20],
[23, 14, 24, 17, 17, 22, 20, 4, 0, 24, 4, 3, 16, 9, 23],
[8, 19, 6, 8, 16, 13, 12, 21, 24, 0, 21, 25, 10, 16, 3],
[21, 15, 22, 14, 13, 18, 16, 4, 4, 21, 0, 4, 14, 8, 20],
[25, 17, 25, 17, 15, 21, 19, 6, 3, 25, 4, 0, 17, 11, 23],
[8, 10, 9, 4, 16, 16, 14, 12, 16, 10, 14, 17, 0, 7, 10],
[14, 8, 15, 9, 16, 19, 17, 6, 9, 16, 8, 11, 7, 0, 16],
[10, 20, 9, 7, 13, 10, 9, 20, 23, 3, 20, 23, 10, 16, 0]
   ],
   
//setup on machine: MAQ 12
[   [0, 16, 18, 8, 19, 26, 12, 1, 14, 4, 11, 17, 21, 13, 4],
[16, 0, 11, 9, 7, 16, 22, 17, 6, 14, 12, 11, 17, 20, 19],
[18, 11, 0, 16, 6, 8, 16, 18, 6, 14, 8, 1, 6, 13, 19],
[8, 9, 16, 0, 15, 23, 17, 9, 10, 8, 11, 15, 21, 17, 12],
[19, 7, 6, 15, 0, 9, 21, 20, 5, 16, 11, 6, 12, 18, 21],
[26, 16, 8, 23, 9, 0, 22, 26, 13, 22, 15, 9, 8, 19, 26],
[12, 22, 16, 17, 21, 22, 0, 11, 17, 10, 10, 15, 15, 3, 9],
[1, 17, 18, 9, 20, 26, 11, 0, 15, 4, 11, 17, 21, 12, 3],
[14, 6, 6, 10, 5, 13, 17, 15, 0, 11, 7, 6, 12, 14, 16],
[4, 14, 14, 8, 16, 22, 10, 4, 11, 0, 7, 14, 17, 10, 5],
[11, 12, 8, 11, 11, 15, 10, 11, 7, 7, 0, 7, 10, 8, 11],
[17, 11, 1, 15, 6, 9, 15, 17, 6, 14, 7, 0, 6, 12, 18],
[21, 17, 6, 21, 12, 8, 15, 21, 12, 17, 10, 6, 0, 12, 21],
[13, 20, 13, 17, 18, 19, 3, 12, 14, 10, 8, 12, 12, 0, 11],
[4, 19, 19, 12, 21, 26, 9, 3, 16, 5, 11, 18, 21, 11, 0]
   ],
   
//setup on machine: MAQ 13
[   [0, 8, 9, 18, 3, 4, 10, 13, 10, 18, 12, 14, 7, 4, 14],
[8, 0, 17, 26, 11, 9, 18, 19, 18, 25, 19, 21, 11, 8, 20],
[9, 17, 0, 10, 7, 8, 11, 16, 9, 9, 4, 13, 7, 13, 17],
[18, 26, 10, 0, 15, 18, 14, 19, 12, 3, 10, 13, 17, 21, 19],
[3, 11, 7, 15, 0, 5, 8, 12, 7, 15, 10, 11, 8, 6, 13],
[4, 9, 8, 18, 5, 0, 13, 16, 12, 17, 10, 16, 4, 8, 17],
[10, 18, 11, 14, 8, 13, 0, 5, 2, 16, 15, 4, 15, 10, 6],
[13, 19, 16, 19, 12, 16, 5, 0, 7, 21, 20, 6, 19, 11, 1],
[10, 18, 9, 12, 7, 12, 2, 7, 0, 14, 13, 4, 14, 11, 8],
[18, 25, 9, 3, 15, 17, 16, 21, 14, 0, 8, 15, 16, 21, 21],
[12, 19, 4, 10, 10, 10, 15, 20, 13, 8, 0, 16, 8, 16, 21],
[14, 21, 13, 13, 11, 16, 4, 6, 4, 15, 16, 0, 18, 14, 6],
[7, 11, 7, 17, 8, 4, 15, 19, 14, 16, 8, 18, 0, 11, 20],
[4, 8, 13, 21, 6, 8, 10, 11, 11, 21, 16, 14, 11, 0, 12],
[14, 20, 17, 19, 13, 17, 6, 1, 8, 21, 21, 6, 20, 12, 0]
   ],
   
//setup on machine: MAQ 14
[   [0, 5, 9, 6, 14, 14, 8, 11, 18, 4, 13, 14, 11, 4, 9],
[5, 0, 4, 11, 18, 19, 8, 6, 23, 8, 10, 14, 14, 5, 9],
[9, 4, 0, 15, 21, 22, 12, 2, 27, 12, 7, 14, 16, 9, 10],
[6, 11, 15, 0, 13, 11, 9, 16, 13, 4, 19, 17, 12, 7, 13],
[14, 18, 21, 13, 0, 5, 21, 23, 13, 16, 19, 12, 5, 17, 12],
[14, 19, 22, 11, 5, 0, 20, 24, 8, 15, 23, 17, 9, 17, 15],
[8, 8, 12, 9, 21, 20, 0, 12, 21, 5, 18, 21, 19, 4, 16],
[11, 6, 2, 16, 23, 24, 12, 0, 28, 13, 8, 16, 18, 10, 12],
[18, 23, 27, 13, 13, 8, 21, 28, 0, 17, 29, 24, 16, 19, 21],
[4, 8, 12, 4, 16, 15, 5, 13, 17, 0, 17, 18, 14, 3, 13],
[13, 10, 7, 19, 19, 23, 18, 8, 29, 17, 0, 9, 14, 15, 8],
[14, 14, 14, 17, 12, 17, 21, 16, 24, 18, 9, 0, 8, 17, 5],
[11, 14, 16, 12, 5, 9, 19, 18, 16, 14, 14, 8, 0, 15, 7],
[4, 5, 9, 7, 17, 17, 4, 10, 19, 3, 15, 17, 15, 0, 12],
[9, 9, 10, 13, 12, 15, 16, 12, 21, 13, 8, 5, 7, 12, 0]
   ],
   
//setup on machine: MAQ 15
[   [0, 13, 20, 21, 15, 4, 3, 15, 18, 15, 6, 13, 3, 18, 13],
[13, 0, 11, 13, 7, 17, 14, 22, 24, 18, 17, 7, 10, 8, 14],
[20, 11, 0, 2, 5, 24, 19, 20, 20, 14, 25, 7, 18, 3, 11],
[21, 13, 2, 0, 6, 25, 19, 19, 19, 13, 26, 8, 19, 5, 10],
[15, 7, 5, 6, 0, 19, 14, 17, 18, 12, 20, 2, 13, 3, 9],
[4, 17, 24, 25, 19, 0, 6, 17, 20, 18, 4, 17, 7, 22, 17],
[3, 14, 19, 19, 14, 6, 0, 12, 15, 12, 9, 12, 5, 17, 11],
[15, 22, 20, 19, 17, 17, 12, 0, 3, 6, 21, 16, 17, 20, 9],
[18, 24, 20, 19, 18, 20, 15, 3, 0, 6, 24, 17, 19, 21, 10],
[15, 18, 14, 13, 12, 18, 12, 6, 6, 0, 21, 11, 15, 15, 4],
[6, 17, 25, 26, 20, 4, 9, 21, 24, 21, 0, 18, 7, 23, 19],
[13, 7, 7, 8, 2, 17, 12, 16, 17, 11, 18, 0, 11, 5, 7],
[3, 10, 18, 19, 13, 7, 5, 17, 19, 15, 7, 11, 0, 16, 13],
[18, 8, 3, 5, 3, 22, 17, 20, 21, 15, 23, 5, 16, 0, 11],
[13, 14, 11, 10, 9, 17, 11, 9, 10, 4, 19, 7, 13, 11, 0]
   ]
];