// INSTANCIA 10X10-01
nbJobs = 10;
nbMchs = 10;

OpDurations = [
[48, 2, 96, 67, 68, 47, 52, 83, 69, 51]
[86, 29, 96, 16, 60, 57, 22, 12, 92, 26]
[24, 87, 70, 6, 65, 86, 96, 64, 38, 90]
[31, 89, 62, 67, 37, 69, 66, 91, 71, 17]
[56, 29, 72, 20, 46, 12, 52, 46, 8, 12]
[11, 97, 62, 46, 83, 55, 67, 37, 86, 60]
[53, 44, 44, 93, 40, 33, 42, 85, 95, 25]
[49, 86, 55, 93, 80, 29, 97, 67, 3, 18]
[38, 28, 39, 97, 53, 94, 38, 18, 6, 72]
[31, 50, 41, 84, 82, 83, 73, 34, 95, 34]
];

setup = [
//setup on machine: MAQ 1
[   [0, 6, 17, 18, 10, 3, 13, 15, 18, 17],
[6, 0, 15, 14, 8, 3, 9, 16, 15, 12],
[17, 15, 0, 5, 7, 15, 7, 8, 3, 21],
[18, 14, 5, 0, 8, 16, 5, 12, 2, 18],
[10, 8, 7, 8, 0, 8, 4, 9, 8, 17],
[3, 3, 15, 16, 8, 0, 11, 14, 16, 15],
[13, 9, 7, 5, 4, 11, 0, 12, 6, 14],
[15, 16, 8, 12, 9, 14, 12, 0, 11, 25],
[18, 15, 3, 2, 8, 16, 6, 11, 0, 20],
[17, 12, 21, 18, 17, 15, 14, 25, 20, 0]
   ],
//setup on machine: MAQ 2
[   [0, 12, 4, 3, 19, 24, 13, 8, 14, 4],
[12, 0, 13, 9, 15, 26, 4, 17, 23, 11],
[4, 13, 0, 5, 22, 28, 12, 11, 17, 8],
[3, 9, 5, 0, 17, 24, 10, 9, 16, 4],
[19, 15, 22, 17, 0, 13, 19, 18, 19, 15],
[24, 26, 28, 24, 13, 0, 29, 19, 15, 20],
[13, 4, 12, 10, 19, 29, 0, 19, 25, 13],
[8, 17, 11, 9, 18, 19, 19, 0, 7, 6],
[14, 23, 17, 16, 19, 15, 25, 7, 0, 12],
[4, 11, 8, 4, 15, 20, 13, 6, 12, 0]
   ],
//setup on machine: MAQ 3
[   [0, 9, 4, 7, 17, 17, 12, 14, 12, 11],
[9, 0, 12, 13, 22, 26, 6, 23, 21, 2],
[4, 12, 0, 4, 20, 17, 13, 13, 10, 14],
[7, 13, 4, 0, 23, 20, 12, 15, 12, 15],
[17, 22, 20, 23, 0, 12, 27, 17, 18, 24],
[17, 26, 17, 20, 12, 0, 29, 7, 10, 28],
[12, 6, 13, 12, 27, 29, 0, 25, 23, 5],
[14, 23, 13, 15, 17, 7, 25, 0, 3, 25],
[12, 21, 10, 12, 18, 10, 23, 3, 0, 23],
[11, 2, 14, 15, 24, 28, 5, 25, 23, 0]
   ],
//setup on machine: MAQ 4
[   [0, 23, 22, 14, 25, 21, 25, 29, 30, 27],
[23, 0, 17, 19, 15, 19, 5, 8, 8, 9],
[22, 17, 0, 9, 5, 2, 14, 17, 25, 12],
[14, 19, 9, 0, 13, 8, 18, 22, 27, 18],
[25, 15, 5, 13, 0, 7, 11, 13, 21, 8],
[21, 19, 2, 8, 7, 0, 16, 19, 26, 14],
[25, 5, 14, 18, 11, 16, 0, 4, 11, 4],
[29, 8, 17, 22, 13, 19, 4, 0, 9, 5],
[30, 8, 25, 27, 21, 26, 11, 9, 0, 14],
[27, 9, 12, 18, 8, 14, 4, 5, 14, 0]
   ],
//setup on machine: MAQ 5
[   [0, 22, 8, 15, 6, 27, 22, 18, 23, 22],
[22, 0, 19, 14, 19, 5, 21, 17, 6, 16],
[8, 19, 0, 17, 2, 24, 26, 21, 18, 25],
[15, 14, 17, 0, 16, 18, 9, 4, 18, 8],
[6, 19, 2, 16, 0, 24, 24, 19, 19, 23],
[27, 5, 24, 18, 24, 0, 24, 21, 7, 19],
[22, 21, 26, 9, 24, 24, 0, 5, 26, 5],
[18, 17, 21, 4, 19, 21, 5, 0, 22, 5],
[23, 6, 18, 18, 19, 7, 26, 22, 0, 22],
[22, 16, 25, 8, 23, 19, 5, 5, 22, 0]
   ],
//setup on machine: MAQ 6
[   [0, 8, 10, 16, 6, 2, 21, 7, 13, 14],
[8, 0, 11, 11, 7, 9, 18, 14, 14, 14],
[10, 11, 0, 21, 15, 12, 12, 11, 4, 4],
[16, 11, 21, 0, 10, 15, 27, 23, 25, 24],
[6, 7, 15, 10, 0, 5, 25, 13, 18, 19],
[2, 9, 12, 15, 5, 0, 23, 8, 15, 16],
[21, 18, 12, 27, 25, 23, 0, 23, 12, 9],
[7, 14, 11, 23, 13, 8, 23, 0, 11, 14],
[13, 14, 4, 25, 18, 15, 12, 11, 0, 4],
[14, 14, 4, 24, 19, 16, 9, 14, 4, 0]
   ],
//setup on machine: MAQ 7
[   [0, 9, 18, 10, 10, 2, 20, 22, 18, 19],
[9, 0, 10, 6, 1, 10, 19, 14, 9, 10],
[18, 10, 0, 10, 9, 19, 19, 4, 2, 5],
[10, 6, 10, 0, 7, 10, 13, 12, 11, 13],
[10, 1, 9, 7, 0, 11, 20, 13, 9, 9],
[2, 10, 19, 10, 11, 0, 18, 22, 19, 20],
[20, 19, 19, 13, 20, 18, 0, 18, 21, 24],
[22, 14, 4, 12, 13, 22, 18, 0, 6, 9],
[18, 9, 2, 11, 9, 19, 21, 6, 0, 3],
[19, 10, 5, 13, 9, 20, 24, 9, 3, 0]
   ],
//setup on machine: MAQ 8
[   [0, 25, 19, 15, 12, 19, 12, 8, 19, 23],
[25, 0, 11, 12, 21, 6, 16, 30, 30, 12],
[19, 11, 0, 15, 11, 6, 17, 26, 19, 4],
[15, 12, 15, 0, 18, 10, 4, 18, 28, 18],
[12, 21, 11, 18, 0, 15, 17, 19, 11, 14],
[19, 6, 6, 10, 15, 0, 14, 25, 24, 8],
[12, 16, 17, 4, 17, 14, 0, 14, 28, 21],
[8, 30, 26, 18, 19, 25, 14, 0, 26, 30],
[19, 30, 19, 28, 11, 24, 28, 26, 0, 20],
[23, 12, 4, 18, 14, 8, 21, 30, 20, 0]
   ],
//setup on machine: MAQ 9
[   [0, 12, 7, 19, 13, 8, 21, 9, 22, 8],
[12, 0, 5, 17, 7, 14, 14, 13, 24, 19],
[7, 5, 0, 16, 8, 10, 16, 9, 22, 14],
[19, 17, 16, 0, 23, 12, 7, 10, 8, 19],
[13, 7, 8, 23, 0, 18, 21, 17, 30, 20],
[8, 14, 10, 12, 18, 0, 16, 2, 14, 8],
[21, 14, 16, 7, 21, 16, 0, 14, 15, 24],
[9, 13, 9, 10, 17, 2, 14, 0, 13, 10],
[22, 24, 22, 8, 30, 14, 15, 13, 0, 20],
[8, 19, 14, 19, 20, 8, 24, 10, 20, 0]
   ],
//setup on machine: MAQ 10
[   [0, 15, 9, 20, 17, 13, 20, 10, 25, 11],
[15, 0, 19, 19, 2, 23, 25, 16, 15, 23],
[9, 19, 0, 14, 21, 5, 11, 4, 23, 4],
[20, 19, 14, 0, 20, 14, 9, 10, 12, 16],
[17, 2, 21, 20, 0, 25, 26, 18, 14, 25],
[13, 23, 5, 14, 25, 0, 8, 7, 25, 3],
[20, 25, 11, 9, 26, 8, 0, 10, 21, 11],
[10, 16, 4, 10, 18, 7, 10, 0, 19, 8],
[25, 15, 23, 12, 14, 25, 21, 19, 0, 26],
[11, 23, 4, 16, 25, 3, 11, 8, 26, 0]
   ]
];